(1916, (0.5099109409158267, 0.02034273808999809, 0.46974632099417524))
(1920, (0.6892185604528912, 0.012757784067933684, 0.2980236554791751))
(1924, (0.7203213453213453, 0.06133449883449883, 0.21834415584415584))
(1928, (0.6862837090437502, 0.004073692642178739, 0.30964259831407104))
(1932, (0.558332551500449, 0.009737170122368015, 0.431930278377183))
(1936, (0.5549007362608467, 0.029858006836707862, 0.41524125690244545))
(1940, (0.5110054856002992, 0.0012810123426006733, 0.4877135020571001))
(1944, (0.5244062078272604, 0.0011302294197031038, 0.4744635627530364))
(1948, (0.5673767971992583, 0.009958948135671313, 0.4226642546650704))
(1952, (0.6604953011205676, 0.0017823335778001399, 0.33772236530163224))
(1956, (0.7086543874713539, 0.0, 0.2913456125286461))
(1960, (0.5704761159597598, 0.0, 0.4295238840402402))
(1964, (0.3115798039189952, 0.0, 0.6884201960810048))
(1968, (0.430741901989128, 0.016211291406234094, 0.5530468066046379))
(1972, (0.6149452573122132, 0.0, 0.38505474268778683))
(1980, (0.45605541757247936, 0.12144104043700801, 0.42250354199051265))
(1984, (0.6083406852465181, 0.003848907336968312, 0.3878104074165136))
(1988, (0.5533542929725153, 0.00781031826821732, 0.4388353887592674))
(1992, (0.30390626034769735, 0.30842576663100313, 0.3876679730212995))
(1996, (0.3076067384390416, 0.17615370269204172, 0.5162395588689167))
(2000, (0.43971850994987854, 0.06942132531063167, 0.4908601647394898))
(2004, (0.44576457437846945, 0.018506868695595827, 0.5357285569259347))
(2008, (0.40384018337908234, 0.01910244364115799, 0.5770573729797597))
(2012, (0.40982080260242854, 0.027479738635407612, 0.5626994587621639))
(2016, (0.4486975333154171, 0.0730004398825019, 0.47830202680208095))
(2020, (0.4402125299434628, 0.028862874499213508, 0.5309245955573236))
(2024, (0.45495875030392613, 0.020660958071435278, 0.5243802916246386))
