(1916, (0.049066094440406556, 0.02311978679957083, 0.9278141187600226))
(1920, (0.14056902769851004, 0.019902611990139766, 0.8395283603113501))
(1924, (0.07554116789100158, 0.03089592856761708, 0.8935629035413813))
(1928, (0.1783357964741898, 0.0, 0.8216642035258102))
(1932, (0.03547119164030294, 0.004697536190202281, 0.9598312721694948))
(1936, (0.027549925374054842, 0.0021092622516066164, 0.9703408123743386))
(1940, (0.041882791882791884, 0.0010976885976885977, 0.9570195195195195))
(1944, (0.06443290389160758, 0.0, 0.9355670961083924))
(1948, (0.026239658671106718, 0.8729018159113378, 0.10085852541755555))
(1952, (0.3956334141182074, 0.0, 0.6043665858817926))
(1956, (0.2445950085448038, 0.173177377228904, 0.5822276142262922))
(1960, (0.24670742627552647, 0.38987024224354483, 0.36342233148092873))
(1964, (0.8713955409560401, 0.0, 0.12860445904395987))
(1968, (0.1352403099117048, 0.6345963157114722, 0.23016337437682294))
(1972, (0.7819720324538711, 0.021759760233945286, 0.1962682073121835))
(1980, (0.4941509264860747, 0.024926620510407563, 0.4809224530035177))
(1984, (0.6188232118873154, 0.006943972185858311, 0.3742328159268264))
(1988, (0.5988983679485405, 0.010430186135238162, 0.39067144591622144))
(1992, (0.4968389467026145, 0.09548041185871156, 0.40768064143867394))
(1996, (0.4920675231049262, 0.06712147468778563, 0.4408110022072882))
(2000, (0.5761951509982056, 0.016823847497042802, 0.40698100150475164))
(2004, (0.5945267305764466, 0.00787227302119091, 0.39760099640236257))
(2008, (0.5617618898101739, 0.008222565927442018, 0.43001554426238403))
(2012, (0.5528584674358112, 0.009247937124295261, 0.4378935954398935))
(2016, (0.5794103808883564, 0.01944173639380266, 0.40114788271784096))
(2020, (0.5760295457538255, 0.013394389686388447, 0.41057606455978607))
(2024, (0.6089080852893467, 0.011071589110168664, 0.3800203256004847))
