(1916, (0.4478226523532757, 0.02416815817492816, 0.5280091894717962))
(1920, (0.5511048144093846, 0.027308183352277898, 0.42158700223833745))
(1924, (0.45287343501659094, 0.1342442071215459, 0.4128823578618632))
(1928, (0.5706068727429648, 0.0061379999545753934, 0.42325512730245973))
(1932, (0.3604002708128691, 0.024568832256473876, 0.615030896930657))
(1936, (0.3703576275092175, 0.00615942492830807, 0.6234829475624744))
(1940, (0.40832050707161294, 0.009125834716953692, 0.5825536582114333))
(1944, (0.4814763682143978, 0.0, 0.5185236317856021))
(1948, (0.4940343327501726, 0.02582832284314317, 0.4801373444066842))
(1952, (0.5536397235703501, 0.00810687371546015, 0.4382534027141897))
(1956, (0.6000448100237236, 0.0005102768251776589, 0.39944491315109876))
(1960, (0.46386361289014344, 2.8426615271346255e-06, 0.5361335444483294))
(1964, (0.3452842339651236, 4.478452819947387e-05, 0.6546709815066769))
(1968, (0.4194159050847787, 0.1447193165559954, 0.4358647783592259))
(1972, (0.612570283023049, 0.013832053490440328, 0.3735976634865107))
(1980, (0.44180965091762653, 0.08680905370737736, 0.4713812953749961))
(1984, (0.5250505259050059, 0.004785565493327955, 0.4701639086016661))
(1988, (0.511075866300971, 0.0069337909584812505, 0.48199034274054775))
(1992, (0.3562103850490115, 0.14578050080451535, 0.4980091141464732))
(1996, (0.38269497492798465, 0.07475728155339806, 0.5425477435186173))
(2000, (0.402774093284764, 0.032616506968641115, 0.5646093997465949))
(2004, (0.4293427936236057, 0.011514749790294291, 0.5591424565861))
(2008, (0.364745196451127, 0.016061355922413624, 0.6191934476264593))
(2012, (0.3589773233894539, 0.021280768817361184, 0.6197419077931849))
(2016, (0.3390930472854767, 0.05764951036259557, 0.6032574423519277))
(2020, (0.32150291567748757, 0.024890435721741308, 0.6536066486007711))
(2024, (0.34082823020773884, 0.03298090335032291, 0.6261908664419382))
