(1916, (0.5054021834373155, 0.028492615950449586, 0.4661052006122349))
(1920, (0.6854590537758197, 0.03610078513220048, 0.27844016109197983))
(1924, (0.6226349464568783, 0.1288061906274976, 0.24855886291562412))
(1928, (0.4915418269349604, 0.00602032040349266, 0.502437852661547))
(1932, (0.46639609547159255, 0.02721765644757277, 0.5063862480808347))
(1936, (0.41764342461815834, 0.07011031011917797, 0.5122462652626637))
(1940, (0.46359311551643245, 0.005313782534029471, 0.5310931019495381))
(1944, (0.4699170944551976, 0.002049814731226395, 0.528033090813576))
(1948, (0.43156478003897214, 0.021824781007106296, 0.5466104389539216))
(1952, (0.5422195537631567, 0.003166907079723991, 0.4546135391571194))
(1956, (0.5932269280981185, 0.003031288827876105, 0.4037417830740053))
(1960, (0.3955286133113044, 0.002249866368628213, 0.6022215203200674))
(1964, (0.23444535520757012, 0.0036885906589821382, 0.7618660541334478))
(1968, (0.3288703086777668, 0.0410378119113868, 0.6300918794108464))
(1972, (0.45229294814125515, 0.005750062226589381, 0.5419569896321554))
(1980, (0.4192140759208685, 0.1630895520613265, 0.41769637201780496))
(1984, (0.5121938164131163, 0.003481603295704199, 0.4843245802911794))
(1988, (0.4537498979225579, 0.013960395851572752, 0.5322897062258694))
(1992, (0.29024371777769764, 0.2343400511951545, 0.47541623102714786))
(1996, (0.2808631617976632, 0.10439512732000253, 0.6147417108823343))
(2000, (0.3250119127601199, 0.07695014102932167, 0.5980379462105584))
(2004, (0.36777688961772953, 0.012868821049942521, 0.619354289332328))
(2008, (0.3599024337995803, 0.02208189913290717, 0.6180156670675125))
(2012, (0.37512670597300873, 0.018360883234152008, 0.6065124107928392))
(2016, (0.3280835814000769, 0.07186577268404708, 0.6000506459158761))
(2020, (0.3214190217940559, 0.022580528792866008, 0.6560004494130781))
(2024, (0.3602252719603601, 0.0275924469465706, 0.6121822810930694))
