(1916, (0.41130631801805145, 0.06829105226014931, 0.5204026297217992))
(1920, (0.660246171192333, 0.0005637508221366156, 0.3391900779855304))
(1924, (0.4725506127699912, 0.36527862414516893, 0.16217076308483988))
(1928, (0.6473967451209233, 0.00848084030344291, 0.3441224145756338))
(1932, (0.3823289727643148, 0.030715204803774394, 0.5869558224319108))
(1936, (0.3319156184092537, 0.03846365790488786, 0.6296207236858584))
(1940, (0.4530931079058375, 0.003287011838345353, 0.5436198802558171))
(1944, (0.4806860566145516, 0.003768223078806265, 0.5155457203066421))
(1948, (0.47256256517205425, 0.027614330403694324, 0.49982310442425143))
(1952, (0.6541335148088353, 0.0016868534030276485, 0.344179631788137))
(1956, (0.6116693346618362, 0.0005201674792757217, 0.3878104978588881))
(1960, (0.5378498918289233, 0.0, 0.4621501081710767))
(1964, (0.49083175771086274, 0.0, 0.5091682422891373))
(1968, (0.5679212041911788, 0.1254915293818664, 0.3065872664269549))
(1972, (0.6423888214086649, 0.09720051936503436, 0.26041065922630074))
(1980, (0.6645596676961624, 0.08353317437492999, 0.25190715792890767))
(1984, (0.723646702858366, 0.012431167668748662, 0.2639221294728854))
(1988, (0.6207845112576045, 0.01910907454861994, 0.36010641419377554))
(1992, (0.42030148794338595, 0.29552289574440727, 0.2841756163122068))
(1996, (0.5218325913784092, 0.14170898419625844, 0.33645842442533236))
(2000, (0.6716963603995846, 0.05192565701994135, 0.2763779825804741))
(2004, (0.6838283089396388, 0.013558427062045594, 0.3026132639983156))
(2008, (0.6152554379022704, 0.023785097521953125, 0.36095946457577643))
(2012, (0.6452978349589283, 0.028478829448973897, 0.3262233355920978))
(2016, (0.5926143236919689, 0.13246553809823905, 0.27492013820979205))
(2020, (0.6383756483190364, 0.030960330132924124, 0.33066402154803953))
(2024, (0.6689190682705357, 0.02718133711754486, 0.3038995946119194))
