(1916, (0.4980301220703882, 0.042918521505793304, 0.45905135642381845))
(1920, (0.6074068383478657, 0.19538842276815355, 0.19720473888398074))
(1924, (0.4968852394686758, 0.3696264249416289, 0.1334883355896953))
(1928, (0.6018666676850342, 0.00608729191887175, 0.39204604039609403))
(1932, (0.3439630007141916, 0.01979974899285115, 0.6362372502929572))
(1936, (0.42494906426672785, 0.03487242454090376, 0.5401785111923684))
(1940, (0.5740904654910238, 0.0, 0.4259095345089762))
(1944, (0.5832787535117806, 0.0, 0.4167212464882194))
(1948, (0.5183862777633393, 0.011199296295555867, 0.4704144259411047))
(1952, (0.6927243503702218, 0.0, 0.30727564962977816))
(1956, (0.5838520096509526, 0.0, 0.4161479903490473))
(1960, (0.5821356207604238, 0.0, 0.41786437923957626))
(1964, (0.44387584522274304, 0.0, 0.556124154777257))
(1968, (0.5327414813129302, 0.04764207292792536, 0.4196164457591444))
(1972, (0.5415350584714473, 0.003233414114470667, 0.45523152741408196))
(1980, (0.605252316884496, 0.07782962011333433, 0.3169180630021696))
(1984, (0.6300339450147389, 0.004678057174856151, 0.365287997810405))
(1988, (0.5284976245323348, 0.006441079775456803, 0.4650612956922084))
(1992, (0.4065914457523182, 0.22199884611038084, 0.37140970813730095))
(1996, (0.46488855125900946, 0.10484025371650207, 0.43027119502448846))
(2000, (0.6029677268401266, 0.021390019255760128, 0.37564225390411327))
(2004, (0.5991113171824891, 0.016452223638962947, 0.38443645917854796))
(2008, (0.5315897637279927, 0.02093592512598992, 0.44747431114601743))
(2012, (0.5788931187554114, 0.022445473661064003, 0.3986614075835246))
(2016, (0.6153299445746081, 0.06729955924517697, 0.31737049618021496))
(2020, (0.6176938967225024, 0.02625358191614471, 0.3560525213613529))
(2024, (0.6343367791812964, 0.023272296594718852, 0.34239092422398476))
