(1916, (0.5406178070625248, 0.0320007402580879, 0.42738145267938726))
(1920, (0.7091654478026368, 0.0362932827090403, 0.25454126948832295))
(1924, (0.5502400769884415, 0.2855636434370425, 0.16419627957451602))
(1928, (0.6178921886782357, 0.006547831972009207, 0.3755599793497551))
(1932, (0.39976675698643854, 0.02337735497792487, 0.5768558880356366))
(1936, (0.4270247659785235, 0.028881536171490026, 0.5440936978499865))
(1940, (0.5202841458839327, 0.0035049266433663092, 0.47621092747270105))
(1944, (0.519919741516, 0.005183360425005154, 0.47489689805899493))
(1948, (0.47581154696686007, 0.021060154257491352, 0.5031282987756486))
(1952, (0.6375498217569258, 0.006584314136571318, 0.3558658641065029))
(1956, (0.5906433364329431, 0.002850399007260863, 0.406506264559796))
(1960, (0.5671026291205125, 0.000678280120269114, 0.4322190907592184))
(1964, (0.37917535851500034, 0.001993180469364031, 0.6188314610156356))
(1968, (0.5300878219689348, 0.06175536054784058, 0.40815681748322463))
(1972, (0.5760515977891323, 0.019194188315290094, 0.4047542138955776))
(1980, (0.5130500181761469, 0.10090835199645433, 0.3860416298273987))
(1984, (0.5327211216808544, 0.008408060281632514, 0.4588708180375131))
(1988, (0.4449647278833303, 0.007916032290753858, 0.5471192398259158))
(1992, (0.37272138708865377, 0.1944202266782912, 0.43285838623305506))
(1996, (0.3992010210076373, 0.09818933209083727, 0.5026096469015254))
(2000, (0.48220647737888644, 0.032437063067295144, 0.4853564595538184))
(2004, (0.4990065750530225, 0.00866210810480799, 0.4923313168421695))
(2008, (0.4420520813494146, 0.0209521255300707, 0.5369957931205147))
(2012, (0.46177868510536096, 0.018341149553148188, 0.5198801653414908))
(2016, (0.5114732722404601, 0.07112183603006582, 0.4174048917294741))
(2020, (0.5308932496920227, 0.02018959459355563, 0.44891715571442176))
(2024, (0.5572682034209675, 0.017558698315485486, 0.425173098263547))
