(1916, (0.34754309978768577, 0.045014012738853505, 0.6074428874734608))
(1920, (0.5932073972874786, 0.047487955953200274, 0.35930464675932106))
(1924, (0.5702402552438052, 0.20993335495426005, 0.21982638980193478))
(1928, (0.6472330856970951, 0.013356550292931405, 0.33941036400997343))
(1932, (0.4142859015591135, 0.03758389848283577, 0.5481301999580508))
(1936, (0.370928102970216, 0.02536807964230537, 0.6037038173874787))
(1940, (0.5092421913137245, 0.007056414889509002, 0.4837013937967665))
(1944, (0.532099501226638, 0.003914549173430171, 0.4639859495999319))
(1948, (0.4652499723428248, 0.01598293600808948, 0.5187670916490857))
(1952, (0.6027300298522622, 0.007644781884866442, 0.3896251882628713))
(1956, (0.6003570374113114, 0.006997689757926809, 0.39264527283076184))
(1960, (0.5463492684410977, 0.004570545314274227, 0.4490801862446281))
(1964, (0.38194639285649934, 0.005399067679469128, 0.6126545394640315))
(1968, (0.5046172394196738, 0.08219931237587817, 0.41318344820444797))
(1972, (0.6260604014743931, 0.028006550062691062, 0.34593304846291584))
(1980, (0.550705622606941, 0.1386152657641114, 0.3106791116289476))
(1984, (0.6344215596967685, 0.014349457302104402, 0.3512289830011271))
(1988, (0.5305888833673129, 0.01658707339146047, 0.45282404324122666))
(1992, (0.35869052626212417, 0.24002918721880218, 0.40128028651907366))
(1996, (0.4579639691163855, 0.09777163494635614, 0.4442643959372584))
(2000, (0.507502147736722, 0.06856276215021753, 0.4239350901130605))
(2004, (0.5169410373040797, 0.012835100665155164, 0.47022386203076516))
(2008, (0.4470752210933716, 0.016322410499712454, 0.5366023684069159))
(2012, (0.461270198324979, 0.023808337744014446, 0.5149214639310066))
(2016, (0.4325139737143104, 0.08591622245721561, 0.48156980382847403))
(2020, (0.4189828403980163, 0.027016977836946936, 0.5540001817650367))
(2024, (0.4314284416700989, 0.027294694690618886, 0.5412768636392822))
