(1916, (0.06954632477897046, 0.07134252586744681, 0.8591111493535827))
(1920, (0.3049043885535258, 0.002682025680989264, 0.692413585765485))
(1924, (0.20229436412985544, 0.03331665996998794, 0.7643889759001566))
(1928, (0.2370351151121469, 8.339781219739335e-05, 0.7628814870756557))
(1932, (0.07013660511004301, 0.0019828573979553876, 0.9278805374920016))
(1936, (0.11156293021365889, 0.0002820078962210942, 0.8881550618901201))
(1940, (0.14086837404815944, 0.0002900847423483434, 0.8588415412094922))
(1944, (0.19391326996448024, 0.00019749100557268099, 0.805889239029947))
(1948, (0.17451529533838053, 0.4979992121747819, 0.32748549248683756))
(1952, (0.47077852357228755, 0.0, 0.5292214764277124))
(1956, (0.5328316686746207, 0.07209202906999339, 0.39507630225538587))
(1960, (0.2859049054884879, 0.20989465162998475, 0.5042004428815273))
(1964, (0.568145684502724, 0.0, 0.431854315497276))
(1968, (0.2346667274135496, 0.4832110802314456, 0.2821221923550048))
(1972, (0.6532171934900061, 0.06324067443278164, 0.28354213207721224))
(1980, (0.5119834740095996, 0.030534208193125235, 0.45748231779727505))
(1984, (0.6077370692433072, 0.010509004453891501, 0.38175392630280136))
(1988, (0.5427471529945301, 0.016607276001380664, 0.4406455710040892))
(1992, (0.40970895807134794, 0.13444565051616827, 0.4558453914124838))
(1996, (0.3994407943231879, 0.08045924822263292, 0.5200999574541791))
(2000, (0.5255106317425365, 0.02573604371406435, 0.44875332454339917))
(2004, (0.5672202134108999, 0.010621139556977334, 0.4221586470321228))
(2008, (0.5856272131075638, 0.015043648868985052, 0.3993291380234511))
(2012, (0.5778457572847425, 0.016379606482236034, 0.4057746362330215))
(2016, (0.580886846535688, 0.03461749247917233, 0.3844956609851397))
(2020, (0.5846088241400853, 0.01687660784465253, 0.39851456801526214))
(2024, (0.6021524931800346, 0.015745089002105157, 0.3821024178178602))
