(1916, (0.4846665392700172, 0.05637301738964265, 0.45896044334034014))
(1920, (0.6020073620043435, 0.06251414963818851, 0.3354784883574681))
(1924, (0.5101435482024272, 0.24802495992672316, 0.24183149187084954))
(1928, (0.6418069525101424, 0.01680929668502416, 0.34138375080483335))
(1932, (0.3688640844363812, 0.051148335868919675, 0.5799875796946992))
(1936, (0.296376270768874, 0.05937379987971625, 0.6442499293514097))
(1940, (0.45622766187349345, 0.006794946388496384, 0.5369773917380102))
(1944, (0.4693666731230227, 0.012802329286655962, 0.5178309975903213))
(1948, (0.4978323920012212, 0.03821744771790566, 0.46395016028087316))
(1952, (0.60543781175411, 0.005272933664624154, 0.3892892545812658))
(1956, (0.5520653904462787, 0.0007267718289654572, 0.44720783772475586))
(1960, (0.5255653826983041, 0.0012351546390424782, 0.4731994626626534))
(1964, (0.3596301689547949, 0.003190873770356287, 0.6371789572748489))
(1968, (0.4983187371739656, 0.06383796432989841, 0.437843298496136))
(1972, (0.5244766398044713, 0.052265972373392415, 0.4232573878221362))
(1980, (0.48331465676300617, 0.1299872367365317, 0.3866981065004621))
(1984, (0.559058218856984, 0.003544968842919887, 0.43739681230009614))
(1988, (0.4661136695365043, 0.021105206483514105, 0.5127811239799815))
(1992, (0.32527212723815724, 0.2499393221722594, 0.42478855058958337))
(1996, (0.3905992335384973, 0.1378810533039136, 0.4715197131575891))
(2000, (0.46518375872247664, 0.06522235144409792, 0.4695938898334255))
(2004, (0.47192916742433233, 0.014584202153548978, 0.5134866304221187))
(2008, (0.40400981692292204, 0.028502120507871483, 0.5674880625692065))
(2012, (0.42149871176513326, 0.03610802170717667, 0.54239326652769))
(2016, (0.39094035184496756, 0.10834112812641156, 0.5007185200286208))
(2020, (0.4036724604634335, 0.031794352996077614, 0.5645331865404888))
(2024, (0.4096604444745428, 0.03760893885612475, 0.5527306166693324))
