(1916, (0.4905920764751422, 0.018187530153601042, 0.4912203933712567))
(1920, (0.5983707540291152, 0.007756518241017776, 0.393872727729867))
(1924, (0.5982618089567819, 0.05457944152115993, 0.34715874952205816))
(1928, (0.5865305935748156, 0.003242578408900319, 0.4102268280162841))
(1932, (0.5042282989490074, 0.005892370572207085, 0.4898793304787855))
(1936, (0.479758291535619, 0.0229788092465408, 0.4972628992178402))
(1940, (0.4677914696774687, 0.0, 0.5322085303225313))
(1944, (0.478676102340773, 0.00020032661948829613, 0.5211235710397387))
(1948, (0.5241055997234705, 0.009272381610784653, 0.4666220186657449))
(1952, (0.6092214691335409, 0.0, 0.3907785308664591))
(1956, (0.6611347071469771, 0.00041573967954336053, 0.3384495531734796))
(1960, (0.5341779342103928, 0.0, 0.46582206578960716))
(1964, (0.36109520189660976, 0.0, 0.6389047981033902))
(1968, (0.5210361320964151, 0.03971099704673425, 0.4392528708568507))
(1972, (0.6397868614449717, 0.011662750145934053, 0.3485503884090943))
(1980, (0.5773718065574625, 0.13912081043777183, 0.28350738300476575))
(1984, (0.6863899698251711, 0.004163817964047231, 0.3094462122107817))
(1988, (0.6241481442069372, 0.012949094827012862, 0.3629027609660499))
(1992, (0.3764041915221501, 0.23500445214455806, 0.38859135633329184))
(1996, (0.3937136274853508, 0.11304452346371513, 0.49324184905093404))
(2000, (0.4807030985044308, 0.05126510988769613, 0.46803179160787306))
(2004, (0.4887390112403318, 0.008838223620337062, 0.5024227651393312))
(2008, (0.4473276984105674, 0.00883394972661533, 0.5438383518628173))
(2012, (0.4640379649268888, 0.016165193565991345, 0.5197968415071198))
(2016, (0.46458666981953417, 0.06715070348356031, 0.46826262669690555))
(2020, (0.4535570977604952, 0.01935984023914513, 0.5270830620003597))
(2024, (0.478731864016587, 0.01473996869965589, 0.5065281672837572))
