(1916, (0.49802219998690817, 0.035413374229686635, 0.4665644257834052))
(1920, (0.6271592643864324, 0.04256698712512106, 0.33027374848844654))
(1924, (0.6151959560035565, 0.10961647968511173, 0.2751875643113318))
(1928, (0.5363069001551206, 0.007940439472228349, 0.45575266037265105))
(1932, (0.48540601127935334, 0.04061206732605948, 0.47398192139458717))
(1936, (0.4034685394868855, 0.043301004889079994, 0.5532304556240345))
(1940, (0.46297898149972744, 0.002638508922561938, 0.5343825095777106))
(1944, (0.4693890551569129, 0.007592639334607387, 0.5230183055084797))
(1948, (0.49546698539248774, 0.025429023517347694, 0.47910399109016455))
(1952, (0.5570296952077243, 0.0038745167110184873, 0.43909578808125727))
(1956, (0.6372067126121521, 0.00018350742667983146, 0.36260977996116805))
(1960, (0.4626877632610806, 1.2266095775311294e-05, 0.5372999706431442))
(1964, (0.32086251351985673, 0.0010774853969134515, 0.6780600010832298))
(1968, (0.44316734488533965, 0.062050640327582805, 0.49478201478707756))
(1972, (0.5856941927085403, 0.013014736212477705, 0.40129107107898204))
(1980, (0.4815595700729226, 0.13321837323159957, 0.3852220566954778))
(1984, (0.6073195173495126, 0.004380666712113982, 0.3882998159383734))
(1988, (0.5197756122029051, 0.011479194177057684, 0.4687451936200372))
(1992, (0.357793448375705, 0.220066793208326, 0.422139758415969))
(1996, (0.34690804487101234, 0.12477614040933094, 0.5283158147196567))
(2000, (0.384436032270773, 0.05646768640482349, 0.5590962813244035))
(2004, (0.4394727791082799, 0.017390131171818042, 0.543137089719902))
(2008, (0.3822146330562694, 0.011897070182512424, 0.6058882967612181))
(2012, (0.40725355365115207, 0.012177990455175244, 0.5805684558936727))
(2016, (0.40926914378814777, 0.045067845244753546, 0.5456630109670987))
(2020, (0.3920949634924463, 0.015517902953493982, 0.5923871335540597))
(2024, (0.4189390623134604, 0.017077219572373098, 0.5639837181141665))
