(1916, (0.463393708293613, 0.058176618424473525, 0.4784296732819135))
(1920, (0.7779052024919091, 0.040245692126772474, 0.18184910538131846))
(1924, (0.47684610786564263, 0.4535440348400902, 0.06960985729426716))
(1928, (0.5479330400883904, 0.0074131209739623505, 0.4446538389376472))
(1932, (0.2800421397635491, 0.024066487182488588, 0.6958913730539623))
(1936, (0.2657900889973549, 0.13816145201595814, 0.5960484589866869))
(1940, (0.5505832071943727, 0.00765381533256166, 0.44176297747306564))
(1944, (0.5383500921964557, 0.006826171076654767, 0.4548237367268896))
(1948, (0.5216613204298737, 0.04424237481650628, 0.43409630475362004))
(1952, (0.7097106175983889, 0.006371077308081014, 0.28391830509353005))
(1956, (0.6172108460536003, 0.00190164218417188, 0.3808875117622278))
(1960, (0.5542127133832081, 0.0005674655480172826, 0.44521982106877467))
(1964, (0.41877556707135366, 0.0015403132486290052, 0.5796841196800173))
(1968, (0.559415366989132, 0.05826966056430075, 0.3823149724465673))
(1972, (0.6206784688108259, 0.02146416934627149, 0.3578573618429027))
(1980, (0.6423419390140775, 0.09504717372199838, 0.2626108872639241))
(1984, (0.6483974224118121, 0.013612928074155827, 0.33798964951403204))
(1988, (0.5603123181312045, 0.00996767150753042, 0.429720010361265))
(1992, (0.442159716745691, 0.23600523150717384, 0.32183505174713517))
(1996, (0.46938752528987165, 0.12933399897151393, 0.4012784757386144))
(2000, (0.6065858126110124, 0.06286079040852575, 0.3305533969804618))
(2004, (0.6286133496146507, 0.016398525730981068, 0.3549881246543683))
(2008, (0.5325010027761898, 0.02129359707663105, 0.44620540014717913))
(2012, (0.5831568255855722, 0.029870065524630573, 0.38697310888979725))
(2016, (0.629556278313393, 0.09817632709954699, 0.27226739458706006))
(2020, (0.6511404873707572, 0.03129188903844187, 0.31756762359080093))
(2024, (0.669568524127066, 0.025323572951610057, 0.3051079029213239))
