(1916, (0.4099020239110384, 0.03730052381532464, 0.552797452273637))
(1920, (0.6466427864128149, 0.040855090752802796, 0.31250212283438233))
(1924, (0.47239941409831326, 0.2314160657003747, 0.29618452020131203))
(1928, (0.631927081048676, 0.006274582912956383, 0.36179833603836764))
(1932, (0.35285853350522245, 0.017322213160041042, 0.6298192533347365))
(1936, (0.4074368897229217, 0.02112913491759358, 0.5714339753594847))
(1940, (0.5718681297269914, 0.0, 0.42813187027300864))
(1944, (0.5858014014625501, 0.0, 0.4141985985374499))
(1948, (0.5415265676770156, 2.045240724833313e-06, 0.4584713870822596))
(1952, (0.6915379063740446, 0.0, 0.30846209362595545))
(1956, (0.6551442725037556, 0.0, 0.3448557274962444))
(1960, (0.6207080468769114, 0.0, 0.3792919531230886))
(1964, (0.4739281079989181, 0.0, 0.526071892001082))
(1968, (0.598234891990515, 0.08364332002734465, 0.3181217879821403))
(1972, (0.7050247358530182, 0.0, 0.29497526414698183))
(1980, (0.655277177016918, 0.08436554971959292, 0.260357273263489))
(1984, (0.7055069085555675, 0.0063948228005336685, 0.28809826864389887))
(1988, (0.6016282040621953, 0.00646141519203586, 0.39191038074576884))
(1992, (0.4659750035929962, 0.23999045483264772, 0.29403454157435605))
(1996, (0.5365499730593506, 0.11394344677930072, 0.34950658016134867))
(2000, (0.6224536203460738, 0.045015989521089095, 0.33253039013283714))
(2004, (0.6589864119889075, 0.014191979809454296, 0.3268216082016382))
(2008, (0.5653185336979162, 0.018698808532836796, 0.415982657769247))
(2012, (0.5980319217904804, 0.021694934030229904, 0.38027314417928976))
(2016, (0.5874735112712576, 0.07553892495738705, 0.33698756377135536))
(2020, (0.5850992737298678, 0.021312119632830098, 0.39358860663730205))
(2024, (0.5963264879497528, 0.013036881875165628, 0.3906366301750815))
