(1916, (0.4743737593082313, 0.06090953226876705, 0.46471670842300167))
(1920, (0.551373187413201, 0.04373803419547829, 0.4048887783913208))
(1924, (0.5525365650468803, 0.0605969867729234, 0.38686644818019633))
(1928, (0.5968350413772044, 0.007270033222778359, 0.3958949254000172))
(1932, (0.4294326877528256, 0.023900282004176477, 0.5466670302429979))
(1936, (0.41890560101569024, 0.014751374555771801, 0.5663430244285379))
(1940, (0.5045393429353688, 0.0051706720022527035, 0.4902899850623785))
(1944, (0.5238297437161016, 0.008849398746838539, 0.4673208575370599))
(1948, (0.4957571856742977, 0.016484604627909953, 0.4877582096977923))
(1952, (0.5811920826536828, 0.00882842322622093, 0.4099794941200962))
(1956, (0.5990108411445924, 0.003994718949137727, 0.39699443990627))
(1960, (0.5503147010340177, 0.0036911808781657424, 0.4459941180878166))
(1964, (0.43560689728371405, 0.004608898616661073, 0.5597842040996249))
(1968, (0.502866127612725, 0.11727884339636946, 0.3798550289909055))
(1972, (0.6610843700556426, 0.0055548524626104845, 0.3333607774817469))
(1980, (0.5600524167128673, 0.0634156589131382, 0.3765319243739945))
(1984, (0.6167431458678617, 0.006429716233578094, 0.3768271378985602))
(1988, (0.5984277566250626, 0.0047103666339115965, 0.39686187674102574))
(1992, (0.42906780127769506, 0.20299314228766482, 0.3679390564346401))
(1996, (0.4714238015651173, 0.11300482197739005, 0.41557137645749265))
(2000, (0.566468816015263, 0.023410154676347314, 0.4101210293083897))
(2004, (0.5994476503665718, 0.007922602980062416, 0.39262974665336575))
(2008, (0.4891390717884854, 0.011401811814671758, 0.4994591163968428))
(2012, (0.5412553238022445, 0.01947164715717152, 0.43927302904058396))
(2016, (0.5694003344841128, 0.05285126864836681, 0.37774839686752043))
(2020, (0.570211013672056, 0.02017262087467002, 0.409616365453274))
(2024, (0.5858141702339072, 0.01795464737865281, 0.39623118238743993))
