(1960, (184705, 92410, 50.0, 3, 92295, 50.0, 0))
(1964, (207271, 163249, 78.8, 4, 44022, 21.2, 0))
(1968, (236218, 141324, 59.8, 4, 91425, 38.7, 0))
(1972, (270274, 101409, 37.5, 0, 168865, 62.5, 4))
(1980, (303287, 135879, 44.8, 4, 130112, 42.9, 0))
(1984, (335846, 147154, 43.8, 0, 185050, 55.1, 4))
(1988, (354461, 192364, 54.3, 4, 158625, 44.8, 0))
(1992, (372842, 179310, 48.1, 4, 136822, 36.7, 0))
(1996, (360120, 205012, 56.9, 4, 113943, 31.6, 0))
(2000, (367951, 205286, 55.8, 4, 137845, 37.5, 0))
(2004, (429013, 231708, 54.0, 4, 194191, 45.3, 0))
(2008, (453568, 325871, 71.8, 4, 120566, 26.6, 0))
(2012, (434697, 306658, 70.5, 4, 121015, 27.8, 0))
(2016, (428937, 266891, 62.2, 4, 128847, 30.0, 0))
(2020, (574469, 366130, 63.73, 4, 196864, 34.27, 0))
(2024, (516701, 313044, 60.59, 4, 193661, 37.48, 0))
