(1916, (0.4694352754860678, 0.024660226011822977, 0.5059044985021093))
(1920, (0.54592760520666, 0.022662032519104598, 0.43141036227423546))
(1924, (0.49499311118659334, 0.06613642522107176, 0.4388704635923349))
(1928, (0.5557402663166416, 0.002719134887346795, 0.4415405987960116))
(1932, (0.35077651075163957, 0.012283417417544261, 0.6369400718308162))
(1936, (0.381645872467715, 0.010773609823720972, 0.607580517708564))
(1940, (0.47499330599014356, 0.002314409599237401, 0.522692284410619))
(1944, (0.4843013634307376, 0.002014383179455073, 0.5136842533898073))
(1948, (0.41494196226089997, 0.003974337209272863, 0.5810837005298272))
(1952, (0.5070811633022596, 0.0014814525105414094, 0.49143738418719896))
(1956, (0.49891299721373683, 0.0, 0.5010870027862632))
(1960, (0.49742041808871074, 0.0, 0.5025795819112893))
(1964, (0.35950412541208737, 0.0, 0.6404958745879126))
(1968, (0.4487046712299848, 0.11391310979484963, 0.43738221897516555))
(1972, (0.6217534943094715, 0.0025886368326810552, 0.3756578688578475))
(1980, (0.511557635306578, 0.04498519875951508, 0.4434571659339068))
(1984, (0.6002441135057139, 5.652956519813848e-06, 0.39975023353776623))
(1988, (0.5181956648308531, 0.003410687138113008, 0.47839364803103385))
(1992, (0.3391749753822288, 0.22016252955700555, 0.44066249506076566))
(1996, (0.41241389856190613, 0.11219031864193155, 0.4753957827961623))
(2000, (0.5042281595937441, 0.02492910692523217, 0.47084273348102373))
(2004, (0.5329619193926551, 0.006033615439026069, 0.46100446516831883))
(2008, (0.49426074411878823, 0.012812777224160358, 0.49292647865705136))
(2012, (0.5376374113587709, 0.018527753186695937, 0.4438348354545333))
(2016, (0.5677234783816165, 0.050924213266016406, 0.3813523083523671))
(2020, (0.5679965577888949, 0.017915624849221504, 0.4140878173618836))
(2024, (0.5849064225708912, 0.014269560552153403, 0.40082401687695535))
