(1916, (0.44181355791092713, 0.03963381401109441, 0.5185526280779784))
(1920, (0.5846809516766726, 0.029477857970680428, 0.3858411903526471))
(1924, (0.5833121724191289, 0.17967550399346127, 0.23701232358740978))
(1928, (0.6488522715765688, 0.0066139200891743005, 0.3445338083342569))
(1932, (0.4702861754175148, 0.030928127375726512, 0.4987856972067587))
(1936, (0.3743718175964098, 0.045695498330379135, 0.5799326840732111))
(1940, (0.4779563434211509, 0.0, 0.5220436565788491))
(1944, (0.5018283849065795, 0.0, 0.4981716150934205))
(1948, (0.4923872753758339, 0.012804867457224298, 0.4948078571669418))
(1952, (0.5675569707611251, 0.0, 0.43244302923887484))
(1956, (0.6111420981480256, 0.0, 0.3888579018519744))
(1960, (0.532841453783033, 0.0, 0.467158546216967))
(1964, (0.3705700096442705, 0.0, 0.6294299903557294))
(1968, (0.45231075703248075, 0.11821558108724453, 0.4294736618802747))
(1972, (0.5963257673720269, 0.022973356123285535, 0.38070087650468754))
(1980, (0.5151142624561613, 0.07578760216574693, 0.40909813537809175))
(1984, (0.5890027286806568, 0.009591612665880761, 0.4014056586534624))
(1988, (0.550003311560487, 0.008539729280499187, 0.44145695915901384))
(1992, (0.383466124368847, 0.2147210699990506, 0.4018128056321024))
(1996, (0.4101687222705193, 0.11607380325747381, 0.4737574744720069))
(2000, (0.4998647383516539, 0.03573098074478126, 0.46440428090356484))
(2004, (0.5081405026521401, 0.004792722269091819, 0.48706677507876817))
(2008, (0.46935222331027365, 0.015861157616535573, 0.5147866190731908))
(2012, (0.47688440878422567, 0.01644811463257563, 0.5066674765831987))
(2016, (0.5168765067578619, 0.0475427304749379, 0.4355807627672002))
(2020, (0.5327130010087464, 0.014893615584203308, 0.45239338340705026))
(2024, (0.5513579902728741, 0.009357660163653726, 0.4392843495634722))
