(1916, (0.5108180741550514, 0.02919741277215997, 0.45998451307278854))
(1920, (0.6397330650490234, 0.03247986379411957, 0.327787071156857))
(1924, (0.5962734692906265, 0.03913571139614021, 0.3645908193132332))
(1928, (0.4954678448864642, 0.0029469548133595285, 0.5015852003001763))
(1932, (0.4330540631926964, 0.01615508885298869, 0.5507908479543149))
(1936, (0.4029644383423897, 0.06738795531748948, 0.5296476063401208))
(1940, (0.4317394878437625, 0.0009870715424471902, 0.5672734406137904))
(1944, (0.41261912081155855, 0.0014468250043438164, 0.5859340541840976))
(1948, (0.414361218424056, 0.009700886781282995, 0.575937894794661))
(1952, (0.5088926846450406, 0.0006513903565276551, 0.4904559249984318))
(1956, (0.5825948313893641, 0.0, 0.417405168610636))
(1960, (0.3637219968683344, 2.4658784075357243e-06, 0.636275537253258))
(1964, (0.19127588178143048, 3.3325557369947014e-05, 0.8086907926611996))
(1968, (0.31781558441558444, 0.041877922077922076, 0.6403064935064935))
(1972, (0.5300114475911959, 0.001875865784208096, 0.468112686624596))
(1980, (0.37203416716337556, 0.15126468495837259, 0.47670114787825185))
(1984, (0.5166483147052805, 0.003181547996063261, 0.48017013729865626))
(1988, (0.4393282586130196, 0.004290445356136622, 0.5563812960308437))
(1992, (0.2902043543553477, 0.23943220935130116, 0.47036343629335114))
(1996, (0.26822262762501153, 0.13464810240747763, 0.5971292699675108))
(2000, (0.3191687018851134, 0.07085738313690114, 0.6099739149779854))
(2004, (0.3867143713369356, 0.01903992825998435, 0.5942457004030801))
(2008, (0.35207028165026494, 0.016614619588008524, 0.6313150987617265))
(2012, (0.35243661570813967, 0.020553795659221295, 0.627009588632639))
(2016, (0.3889805749939674, 0.06695335930228549, 0.5440660657037472))
(2020, (0.3861309455980315, 0.019988141155020598, 0.5938809132469479))
(2024, (0.41763117809990924, 0.026927107478583366, 0.5554417144215074))
