(1916, (0.5440112288195582, 0.02920868372832405, 0.42678008745211776))
(1920, (0.6760036517400145, 0.039722010742092015, 0.28427433751789344))
(1924, (0.6215472761462206, 0.10452973841371843, 0.2739229854400609))
(1928, (0.5976903034179456, 0.004397885349052299, 0.39791181123300207))
(1932, (0.47586136241359994, 0.0292927328575644, 0.49484590472883566))
(1936, (0.3956863104847902, 0.008934667884689225, 0.5953790216305206))
(1940, (0.4793156276742007, 0.005205946408510397, 0.5154784259172889))
(1944, (0.4895376779557186, 0.00741027039441154, 0.5030520516498698))
(1948, (0.5032553582740676, 0.037432131948059943, 0.4593125097778724))
(1952, (0.5679480383733421, 0.012006761064669219, 0.4200452005619887))
(1956, (0.6468358241637926, 0.010881483485166115, 0.34228269235104125))
(1960, (0.49162258560872607, 0.008788685342923526, 0.4995887290483504))
(1964, (0.33858430579742055, 0.005358077834350483, 0.656057616368229))
(1968, (0.4609686669135893, 0.0993679129302235, 0.43966342015618726))
(1972, (0.6157360682150079, 0.01652059285426639, 0.3677433389307257))
(1980, (0.5197315978443948, 0.09468848170706298, 0.3855799204485422))
(1984, (0.6009051973018109, 0.007119323327103524, 0.3919754793710855))
(1988, (0.5624010946094485, 0.011617481617510654, 0.4259814237730408))
(1992, (0.40581033462794824, 0.1646500741417768, 0.42953959123027496))
(1996, (0.358630434224254, 0.10416778425954554, 0.5372017815162005))
(2000, (0.40291243859079967, 0.03583147225832119, 0.5612560891508792))
(2004, (0.4623881168128724, 0.00837779311685302, 0.5292340900702746))
(2008, (0.4170393385927491, 0.010239289888391016, 0.5727213715188599))
(2012, (0.4062356482714438, 0.01034080262218019, 0.5834235491063761))
(2016, (0.4135038665002945, 0.03196528900276352, 0.554530844496942))
(2020, (0.41396523857348505, 0.01269279389838511, 0.5733419675281298))
(2024, (0.4606463088544196, 0.01961207426174163, 0.5197416168838388))
