(1960, (60762, 29809, 49.1, 0, 30953, 50.9, 3))
(1964, (67259, 44329, 65.9, 3, 22930, 34.1, 0))
(1968, (83035, 35411, 42.6, 0, 37600, 45.3, 3))
(1972, (95219, 32967, 34.6, 0, 55349, 58.1, 3))
(1980, (158445, 41842, 26.4, 0, 86112, 54.3, 3))
(1984, (207605, 62007, 29.9, 0, 138377, 66.7, 3))
(1988, (200116, 72584, 36.3, 0, 119251, 59.6, 3))
(1992, (258506, 78294, 30.3, 0, 102000, 39.5, 3))
(1996, (241620, 80380, 33.3, 0, 122746, 50.8, 3))
(2000, (285560, 79004, 27.7, 0, 167398, 58.6, 3))
(2004, (312598, 111025, 35.5, 0, 190889, 61.1, 3))
(2008, (326197, 123594, 37.9, 0, 193841, 59.4, 3))
(2012, (300495, 122640, 40.8, 0, 164676, 54.8, 3))
(2016, (318608, 116454, 36.6, 0, 163387, 51.3, 3))
(2020, (359530, 153778, 42.77, 0, 189951, 52.83, 3))
(2024, (338177, 140026, 41.41, 0, 184458, 54.54, 3))
