(1960, (0.49968869278037953, 0.0, 0.5003113072196205))
(1964, (0.21238861201036324, 0.0, 0.7876113879896367))
(1968, (0.38703655098256695, 0.01468558704247771, 0.5982778619749554))
(1972, (0.6247918778720853, 0.0, 0.37520812212791466))
(1980, (0.42900618885741887, 0.12297262988522423, 0.4480211812573569))
(1984, (0.5509965877217534, 0.010844255998284928, 0.43815915627996166))
(1988, (0.44751044543687457, 0.00979515376867977, 0.5426944007944456))
(1992, (0.3669704593366627, 0.15210196276170604, 0.48092757790163126))
(1996, (0.3164028657114295, 0.11430911918249473, 0.5692880151060757))
(2000, (0.3746286869719066, 0.06745463390505801, 0.5579166791230354))
(2004, (0.45264595711551864, 0.007258521303550242, 0.5400955215809311))
(2008, (0.2658168124735431, 0.015722008607309157, 0.7184611789191477))
(2012, (0.27838931485609514, 0.016158381585334152, 0.7054523035585707))
(2016, (0.3003867700851174, 0.07739831257270881, 0.6222149173421738))
(2020, (0.3426886394217965, 0.019974968188013628, 0.6373363923901899))
(2024, (0.3748028356825321, 0.019345811213835468, 0.6058513531036325))
