(1916, (0.024237685691946835, 0.008678655199374512, 0.9670836591086787))
(1920, (0.03906717758352293, 0.00041911148365465214, 0.9605137109328225))
(1924, (0.022125898926214166, 0.012294355235937346, 0.9655797458378484))
(1928, (0.08538736243714015, 0.0006850812622986663, 0.9139275563005612))
(1932, (0.018945089888609, 0.0007853879529150344, 0.980269522158476))
(1936, (0.014258859810979149, 0.0, 0.9857411401890208))
(1940, (0.04367424621857157, 0.0, 0.9563257537814285))
(1944, (0.04405022150857983, 0.07957865005513533, 0.8763711284362848))
(1948, (0.0377776686703467, 0.7207777177686907, 0.2414446135609626))
(1952, (0.028711149941217342, 0.4640751479827727, 0.5072137020760099))
(1956, (0.25184391665529987, 0.29446442413576285, 0.4536916592089373))
(1960, (0.4876230966567362, 2.5860642171466403e-06, 0.5123743172790467))
(1964, (0.5889107605296706, 1.5244512451908327e-05, 0.4110739949578775))
(1968, (0.380915112642396, 0.3229941617264737, 0.29609072563113026))
(1972, (0.7078224226957089, 0.014974182444061962, 0.2772033948602291))
(1980, (0.4941900587313536, 0.024433182599592203, 0.48137675866905427))
(1984, (0.6355400819180427, 0.0088082029552032, 0.3556517151267541))
(1988, (0.6150481385058352, 0.009139876005188594, 0.37581198548897626))
(1992, (0.48024451841829746, 0.12100019375864325, 0.3987552878230593))
(1996, (0.4979278260016376, 0.06247172630805712, 0.43960044769030526))
(2000, (0.5684004752961018, 0.022578011263331543, 0.40902151344056664))
(2004, (0.5798087443516532, 0.011161936787968327, 0.4090293188603784))
(2008, (0.5387364397863786, 0.012297960039959, 0.4489656001736624))
(2012, (0.5456113125586141, 0.013508353367771182, 0.4408803340736147))
(2016, (0.5493933268569543, 0.043872475246394836, 0.4067341978966509))
(2020, (0.5511029395674024, 0.014596179011979729, 0.43430088142061785))
(2024, (0.5822862951015251, 0.014104798009528519, 0.40360890688894646))
