(1916, (0.1745094196264367, 0.056257332864387985, 0.7692332475091753))
(1920, (0.23586891005926655, 0.17183594625896662, 0.5922951436817668))
(1924, (0.19906126437096494, 0.06525947639006839, 0.7356792592389667))
(1928, (0.5176819713426958, 0.0013131189183623673, 0.4810049097389418))
(1932, (0.11345647354778632, 0.005905680525731811, 0.8806378459264819))
(1936, (0.12314904171043366, 0.006073632869462537, 0.8707773254201038))
(1940, (0.19127748835922734, 0.001791257510795568, 0.8069312541299771))
(1944, (0.166406452386872, 0.1193618549047494, 0.7142316927083786))
(1948, (0.24601545441470654, 0.09963434140048551, 0.6543502041848079))
(1952, (0.5312652641253675, 0.00184975909778, 0.4668849767768526))
(1956, (0.5526987962159774, 0.00746278580664168, 0.439838417977381))
(1960, (0.48518790316578714, 0.009608910796838194, 0.5052031860373747))
(1964, (0.36491624254657073, 0.001926290090912517, 0.6331574673625168))
(1968, (0.3987521498978961, 0.18984312890034347, 0.41140472120176047))
(1972, (0.6622615685679148, 0.005213061114902539, 0.3325253703171826))
(1980, (0.5528195126161586, 0.032980185994650385, 0.414200301389191))
(1984, (0.636106129961051, 0.0027543871122769855, 0.36113948292667203))
(1988, (0.559535579585843, 0.006970728211061998, 0.433493692203095))
(1992, (0.40560021111410466, 0.22361520554538514, 0.37078458334051023))
(1996, (0.48758741645050896, 0.07409486417883956, 0.43831771937065145))
(2000, (0.5929859946810345, 0.027194424403255053, 0.37981958091571044))
(2004, (0.6108569088346479, 0.006901311807890278, 0.38224177935746173))
(2008, (0.5545236045232641, 0.008645181017839645, 0.4368312144588963))
(2012, (0.5716697746805639, 0.014496642481827594, 0.41383358283760857))
(2016, (0.5223468557933538, 0.04530056439652652, 0.4323525798101196))
(2020, (0.5205760360355265, 0.014633864825768427, 0.4647900991387051))
(2024, (0.561399597529967, 0.01403385503878678, 0.42456654743124617))
