(1916, (0.3205210626457047, 0.011753781016020209, 0.6677251563382751))
(1920, (0.3785974025974026, 0.008112554112554113, 0.6132900432900433))
(1924, (0.3279383550310148, 0.04721761335939142, 0.6248440316095938))
(1928, (0.539058304187789, 0.0019943411797068416, 0.45894735463250413))
(1932, (0.3008538574621906, 0.014519604486779306, 0.68462653805103))
(1936, (0.2938999970112675, 0.003807645177680146, 0.7022923578110524))
(1940, (0.3155235886073028, 0.003704473064672483, 0.6807719383280247))
(1944, (0.3738702910022266, 0.0024865824935325687, 0.6236431265042408))
(1948, (0.41041750147881007, 0.11067223844142958, 0.47891026007976034))
(1952, (0.5632454344033863, 0.003187082552699822, 0.43356748304391396))
(1956, (0.5536836404585818, 0.06269395310453911, 0.3836224064368791))
(1960, (0.5243651881070557, 0.005964101321020573, 0.4696707105719237))
(1964, (0.46181448707480904, 0.0027775992140209754, 0.53540791371117))
(1968, (0.43358274127408847, 0.2414889264783976, 0.32492833224751394))
(1972, (0.678435216012969, 0.020342219284717633, 0.3012225647023134))
(1980, (0.5303279900880585, 0.06658460305075155, 0.40308740686118993))
(1984, (0.622871610683698, 0.006199004488420249, 0.3709293848278818))
(1988, (0.5973519911626572, 0.010333960117885992, 0.3923140487194568))
(1992, (0.44965519128139086, 0.14441046405058888, 0.40593434466802025))
(1996, (0.471046187230049, 0.0774761011353771, 0.45147771163457395))
(2000, (0.5247372918694905, 0.030906602682950247, 0.4443561054475593))
(2004, (0.5368236353113949, 0.008337379669062369, 0.4548389850195428))
(2008, (0.46330500690255316, 0.010400294365690283, 0.5262946987317566))
(2012, (0.47283090629369906, 0.015604658463246759, 0.5115644352430542))
(2016, (0.44427647013924043, 0.05821000152658262, 0.49751352833417695))
(2020, (0.4399550366728214, 0.018949791549154316, 0.5410951717780242))
(2024, (0.46052200861041015, 0.021185585874293516, 0.5182924055152963))
