(1916, (0.4180248911493854, 0.035294570955188224, 0.5466805378954264))
(1920, (0.6238067303077169, 0.06636090519616732, 0.3098323644961158))
(1924, (0.5238798498122653, 0.3150688360450563, 0.16105131414267834))
(1928, (0.6367839681294138, 0.009512887064646586, 0.3537031448059395))
(1932, (0.40823209092221696, 0.031032775726573297, 0.5607351333512097))
(1936, (0.3747170687353698, 0.019529511907295273, 0.605753419357335))
(1940, (0.4689326443335709, 0.002851033499643621, 0.5282163221667855))
(1944, (0.5123445825932504, 0.0, 0.48765541740674956))
(1948, (0.4727335469558787, 0.011082080354942075, 0.5161843726891792))
(1952, (0.6270570122163509, 0.0020889263692138674, 0.3708540614144353))
(1956, (0.60077984644759, 0.0, 0.39922015355241003))
(1960, (0.5501484564788112, 0.0, 0.4498515435211888))
(1964, (0.43441520221979313, 0.0, 0.5655847977802069))
(1968, (0.557580283793876, 0.08730002751464172, 0.35511968869148225))
(1972, (0.6901421996290444, 0.005138421378031188, 0.30471937899292434))
(1980, (0.6264394809663126, 0.09385840317350733, 0.27970211586018007))
(1984, (0.7050982176876508, 0.012473011303501123, 0.28242877100884806))
(1988, (0.6053038498790718, 0.0145623644159478, 0.3801337857049804))
(1992, (0.39555229862710495, 0.264663655669548, 0.33978404570334697))
(1996, (0.4981211980848037, 0.1335201894399516, 0.3683586124752447))
(2000, (0.6775650214562791, 0.045445177718444155, 0.27698980082527674))
(2004, (0.6886184005126773, 0.020634438109009647, 0.2907471613783131))
(2008, (0.6442791024664597, 0.03206202277032437, 0.323658874763216))
(2012, (0.6864262168705658, 0.0353849057058311, 0.27818887742360304))
(2016, (0.6817263307654124, 0.0995000957596082, 0.2187735734749794))
(2020, (0.6993622748541181, 0.035101981825736636, 0.26553574332014523))
(2024, (0.7159800481698433, 0.0256013796794624, 0.2584185721506943))
