(1916, (0.21967790639154505, 0.022296442024675543, 0.7580256515837794))
(1920, (0.3193788442879064, 0.013541297109223726, 0.6670798586028698))
(1924, (0.27014940603746856, 0.05175487565503953, 0.6780957183074919))
(1928, (0.4848763560271667, 0.0018475305344584528, 0.5132761134383749))
(1932, (0.14135579263196943, 0.011080174315030798, 0.8475640330529998))
(1936, (0.12822763142625043, 0.007942149239874666, 0.8638302193338749))
(1940, (0.14337619256404244, 0.004449066851562951, 0.8521747405843946))
(1944, (0.18198681882627898, 0.005250405527430815, 0.8127627756462902))
(1948, (0.19038980370267003, 0.80961019629733, 0.0))
(1952, (0.3502088613536093, 0.00425701680277856, 0.6455341218436121))
(1956, (0.3938606572059389, 0.04090278770118806, 0.5652365550928731))
(1960, (0.41734578455872684, 0.014369766320312158, 0.568284449120961))
(1964, (0.6945092763598515, 0.30549072364014856, 0.0))
(1968, (0.13993706199127173, 0.6728309341074861, 0.1872320039012422))
(1972, (0.7242749557454397, 0.020362564369140183, 0.2553624798854202))
(1980, (0.4875012016284021, 0.038010207693551595, 0.47448859067804633))
(1984, (0.6054249354760621, 0.011767251873292396, 0.38280781265064545))
(1988, (0.5916504893810266, 0.009716527527501385, 0.39863298309147205))
(1992, (0.4764540359939813, 0.11474532895750152, 0.4088006350485172))
(1996, (0.5012184320516389, 0.06722069099012024, 0.4315608769582409))
(2000, (0.5648375535326765, 0.019497416988342838, 0.4156650294789806))
(2004, (0.6245956221803722, 0.0069670057431871, 0.3684373720764406))
(2008, (0.603169130291706, 0.009426526762544771, 0.38740434294574916))
(2012, (0.6054582232982282, 0.010951445714247148, 0.3835903309875247))
(2016, (0.6208309236440906, 0.03558961877617299, 0.3435794575797364))
(2020, (0.620316431668648, 0.013983666210128603, 0.36569990212122333))
(2024, (0.6457209205815222, 0.013271878821592078, 0.3410072005968858))
