(1916, (0.42699217458393035, 0.009871780741393879, 0.5631360446746758))
(1920, (0.5121742096459176, 0.005254230952536703, 0.48257155940154567))
(1924, (0.4346111683220941, 0.03607613859083812, 0.5293126930870677))
(1928, (0.5532061881356316, 0.0018715033183084554, 0.4449223085460599))
(1932, (0.3247777837564987, 0.010372226620852583, 0.6648499896226487))
(1936, (0.3081090061047288, 0.004067015328063457, 0.6878239785672078))
(1940, (0.3235377938614024, 0.003957362243053576, 0.672504843895544))
(1944, (0.39223445834279763, 0.003277905273628723, 0.6044876363835736))
(1948, (0.3687448094889357, 0.1398680315401348, 0.4913871589709295))
(1952, (0.49985491057673886, 0.003020548919784035, 0.4971245405034771))
(1956, (0.4921077619426785, 0.021938377950274854, 0.4859538601070466))
(1960, (0.5291702161644127, 0.013084336066446598, 0.45774544776914067))
(1964, (0.44492047701552345, 2.9721682666839167e-05, 0.5550498013018097))
(1968, (0.3784923639514759, 0.340210008353242, 0.28129762769528205))
(1972, (0.6769556986368427, 0.025593124106088837, 0.29745117725706843))
(1980, (0.48698887745917446, 0.028933937349778935, 0.4840771851910466))
(1984, (0.5783968869049775, 0.005880861731992051, 0.4157222513630305))
(1988, (0.5789048128342246, 0.005636669213139801, 0.4154585179526356))
(1992, (0.42433364033171966, 0.10481842878024128, 0.47084793088803906))
(1996, (0.4559039757563599, 0.06410890631723162, 0.4799871179264085))
(2000, (0.5114915318076796, 0.015659521014786282, 0.4728489471775341))
(2004, (0.5679908949136325, 0.006756193998405625, 0.4252529110879618))
(2008, (0.5689695428289423, 0.012745076543927895, 0.4182853806271298))
(2012, (0.5947871471993759, 0.014454702862672189, 0.39075814993795194))
(2016, (0.6072203369421462, 0.0456163350713529, 0.34716332798650096))
(2020, (0.6066029416628381, 0.018882715626924822, 0.37451434271023704))
(2024, (0.6419393709149847, 0.013320095484836201, 0.3447405336001791))
