(1916, (0.4634984394643839, 0.07400733671169718, 0.4624942238239189))
(1920, (0.7058904269689796, 0.09978147363957827, 0.19432809939144213))
(1924, (0.5117813624344094, 0.4202100356870921, 0.06800860187849847))
(1928, (0.577745484955344, 0.013952971031209835, 0.40830154401344626))
(1932, (0.3629271979761538, 0.037970051144595916, 0.5991027508792502))
(1936, (0.310149339587159, 0.07142016416292396, 0.6184304962499171))
(1940, (0.47656627141564656, 0.008566258627800138, 0.5148674699565533))
(1944, (0.4686042875014216, 0.0073069487092005, 0.524088763789378))
(1948, (0.398949535812629, 0.029402933116432085, 0.5716475310709389))
(1952, (0.5532587208396189, 0.0056644409536036324, 0.44107683820677746))
(1956, (0.5367905343636777, 0.0023716329416681283, 0.4608378326946541))
(1960, (0.4915502887046846, 0.0026195175132808046, 0.5058301937820346))
(1964, (0.36001137371000386, 0.0023937542378006022, 0.6375948720521956))
(1968, (0.4146304766868995, 0.04540429812666745, 0.5399652251864331))
(1972, (0.5157568791009914, 0.02356211229338582, 0.4606810086056227))
(1980, (0.4255733486681157, 0.10942504312907533, 0.465001608202809))
(1984, (0.49538415187898577, 0.007427382488129956, 0.49718846563288427))
(1988, (0.4589572632452463, 0.011914402491427372, 0.5291283342633263))
(1992, (0.3185083315303405, 0.24664515568487888, 0.4348465127847806))
(1996, (0.3495676444833625, 0.13943282983070637, 0.5109995256859311))
(2000, (0.4550235065209324, 0.06592077287554564, 0.479055720603522))
(2004, (0.47613533791521456, 0.012967815224719955, 0.5108968468600654))
(2008, (0.43822931044139074, 0.021167762575810833, 0.5406029269827984))
(2012, (0.4495820110666865, 0.02389495740085086, 0.5265230315324626))
(2016, (0.4492478809350543, 0.08630293332717562, 0.4644491857377701))
(2020, (0.4528494240916937, 0.023199582810906113, 0.5239509930974001))
(2024, (0.46683139106062843, 0.023943120912622313, 0.5092254880267493))
