(1916, (0.6242729740209384, 0.023528499418379218, 0.35219852656068246))
(1920, (0.7582396816398217, 0.009226220250997655, 0.23253409810918063))
(1924, (0.7821642682938679, 0.061165793794999854, 0.15666993791113226))
(1928, (0.6687131539821438, 0.0025667389101345505, 0.32872010710772165))
(1932, (0.5766097240473061, 0.012629580960724193, 0.41076069499196965))
(1936, (0.563877541078301, 0.003772035437646584, 0.43235042348405234))
(1940, (0.5478114383973383, 0.0029497700297772995, 0.4492387915728845))
(1944, (0.5705681990411691, 0.0001116774754508978, 0.42932012348338))
(1948, (0.6153733932016016, 0.015391224003501321, 0.36923538279489715))
(1952, (0.7145034091575115, 0.003158436280990121, 0.28233815456149836))
(1956, (0.7216070284616088, 0.0002549386186249003, 0.27813803291976624))
(1960, (0.5864729506825082, 4.183500274915732e-05, 0.41348521431474267))
(1964, (0.33688354211504146, 0.00012263242769285483, 0.6629938254572657))
(1968, (0.5275086119303115, 0.03721716933904984, 0.43527421873063865))
(1972, (0.6266428452984001, 0.008686954056497297, 0.36467020064510264))
(1980, (0.4436401483363729, 0.17214801757157794, 0.3842118340920492))
(1984, (0.579230988953833, 0.012644898342009115, 0.408124112704158))
(1988, (0.510960514203051, 0.01324138611257233, 0.47579809968437664))
(1992, (0.30418258825478683, 0.23467989409770765, 0.46113751764750555))
(1996, (0.31090079667555304, 0.15555486769149812, 0.5335443356329489))
(2000, (0.4069716079753184, 0.08668129986272884, 0.5063470921619528))
(2004, (0.38801315363950445, 0.022612220589224134, 0.5893746257712714))
(2008, (0.30449228724549754, 0.020950880798410072, 0.6745568319560924))
(2012, (0.3097263523672692, 0.024568144608907747, 0.665705503023823))
(2016, (0.3026943475514732, 0.1305277925012775, 0.5667778599472493))
(2020, (0.3067376465593259, 0.032398184134034426, 0.6608641693066397))
(2024, (0.32319407073753054, 0.03853587496142623, 0.6382700543010432))
