(1916, (0.5020459370777842, 0.020189152673229106, 0.4777649102489867))
(1920, (0.557133069828722, 0.022197628458498025, 0.42066930171278))
(1924, (0.5770039060350993, 0.05500357594762612, 0.36799251801727456))
(1928, (0.6583048125274852, 0.0037092981013747348, 0.33798588937114016))
(1932, (0.5055136801268368, 0.01336569206650074, 0.4811206278066625))
(1936, (0.42329725790146, 0.030461666261765004, 0.546241075836775))
(1940, (0.45052576004223677, 0.0024564799741886283, 0.5470177599835746))
(1944, (0.4526686928151498, 0.0035736792144287297, 0.5437576279704214))
(1948, (0.5003703091182329, 0.01202246302301669, 0.48760722785875044))
(1952, (0.5175061054446201, 0.003740841833069961, 0.47875305272231))
(1956, (0.5509191630896465, 0.0028653617097781875, 0.4462154752005753))
(1960, (0.4899915091797461, 0.0036607129238419183, 0.5063477778964119))
(1964, (0.38783031988873434, 0.002672362408106497, 0.6094973177031592))
(1968, (0.45116085964724045, 0.13275830701553878, 0.41608083333722073))
(1972, (0.5959552641858727, 0.012211484570050442, 0.3918332512440768))
(1980, (0.4716066129715981, 0.08009325985587114, 0.44830012717253076))
(1984, (0.5978269409047342, 0.0028518454504030295, 0.3993212136448627))
(1988, (0.5587996366415757, 0.006422800340948653, 0.4347775630174756))
(1992, (0.35312613250038827, 0.2118073411910884, 0.4350665263085233))
(1996, (0.36575162916059, 0.11603684764348612, 0.5182115231959239))
(2000, (0.4190438981509178, 0.03133489204021708, 0.5496212098088651))
(2004, (0.4575281857192356, 0.009003438257949305, 0.5334683760228152))
(2008, (0.36947033548975294, 0.011102974695207705, 0.6194266898150393))
(2012, (0.3997960963565511, 0.01414037944438673, 0.5860635241990622))
(2016, (0.41922824339319276, 0.04723838855046537, 0.5335333680563419))
(2020, (0.39801392829507354, 0.014164401499970239, 0.5878216702049562))
(2024, (0.4189022018890085, 0.014829088308119845, 0.5662687098028716))
