(1916, (0.18097703569747567, 0.1255852552827805, 0.6934377090197439))
(1920, (0.3078786963564976, 0.07081079596935834, 0.6213105076741441))
(1924, (0.2806299126037487, 0.15062569852873817, 0.5687443888675131))
(1928, (0.568324450471475, 0.030511842063767385, 0.40116370746475766))
(1932, (0.249762586525025, 0.005293508050393041, 0.744943905424582))
(1936, (0.23897189069008906, 0.00021683626724001027, 0.7608112730426709))
(1940, (0.25977678939131865, 0.00030475249155753235, 0.7399184581171238))
(1944, (0.2966323738667738, 0.00043703125291267864, 0.7029305948803135))
(1948, (0.33633230213124715, 0.17549766897547447, 0.4881700288932784))
(1952, (0.5498995792131498, 0.00035478305168006453, 0.4497456377351701))
(1956, (0.5719228398187184, 0.0013697388968538643, 0.4267074212844278))
(1960, (0.515145941913357, 0.0, 0.48485405808664295))
(1964, (0.48851457631542194, 0.0, 0.5114854236845781))
(1968, (0.4053395983645709, 0.2853119907852848, 0.3093484108501443))
(1972, (0.7191465278871885, 0.002867281672197742, 0.27798619044061373))
(1980, (0.5551911753138791, 0.05980693964897625, 0.3850018850371447))
(1984, (0.653185810412361, 0.00021171990485283553, 0.3466024696827862))
(1988, (0.6087155908926198, 0.006212239788225543, 0.3850721693191546))
(1992, (0.4089480038356222, 0.2010359792804144, 0.3900160168839634))
(1996, (0.4231944151677082, 0.09660782451203799, 0.48019776032025374))
(2000, (0.4884682657204043, 0.023153522239234225, 0.48837821204036147))
(2004, (0.5209751623233695, 0.008113737399488292, 0.4709111002771423))
(2008, (0.4821531916597622, 0.007513755633588631, 0.5103330527066491))
(2012, (0.49130977761975525, 0.008611571693257837, 0.5000786506869869))
(2016, (0.49021941416590736, 0.031547427776042115, 0.4782331580580505))
(2020, (0.5121981962250404, 0.00918729652053733, 0.47861450725442234))
(2024, (0.5608834311631108, 0.009233641448786424, 0.42988292738810285))
