(1916, (0.5256283671279383, 0.041012775532709114, 0.4333588573393527))
(1920, (0.6781259876049904, 0.06675803952234052, 0.255115972872669))
(1924, (0.5883731089075721, 0.17804010984317428, 0.23358678124925356))
(1928, (0.5693152896116447, 0.007894155055737928, 0.42279055533261745))
(1932, (0.4204187532241017, 0.027250004841654425, 0.5523312419342439))
(1936, (0.39691249031346215, 0.02606582245719852, 0.5770216872293393))
(1940, (0.4853654691217385, 0.00492207679824369, 0.5097124540800179))
(1944, (0.4804967021063359, 0.0042784288939141405, 0.51522486899975))
(1948, (0.49223904543270836, 0.00708525955774607, 0.5006756950095456))
(1952, (0.5483809850263041, 0.002189438297830557, 0.44942957667586536))
(1956, (0.5952087020781153, 0.0019054287475606406, 0.40288586917432406))
(1960, (0.4979576067561145, 0.0022228486136045902, 0.4998195446302809))
(1964, (0.40527544945704097, 1.3183520344404584e-05, 0.5947113670226146))
(1968, (0.47075587872847635, 0.08770195090685663, 0.441542170364667))
(1972, (0.5903111764900166, 0.004569960086686331, 0.40511886342329706))
(1980, (0.49646052894475273, 0.08637538920707132, 0.41716408184817594))
(1984, (0.5617459154097206, 0.0052885525228009945, 0.43296553206747834))
(1988, (0.5068826878871361, 0.007071759462352384, 0.4860455526505115))
(1992, (0.3433746713220995, 0.1708285504787277, 0.48579677819917283))
(1996, (0.3680995298269166, 0.0887476918702108, 0.5431527783028726))
(2000, (0.42584745271263524, 0.028189062156337995, 0.5459634851310268))
(2004, (0.4447862682634849, 0.006982129646236995, 0.5482316020902781))
(2008, (0.3678269492713357, 0.013009295043627155, 0.6191637556850371))
(2012, (0.407327412708169, 0.016651233667060027, 0.5760213536247709))
(2016, (0.3876175307382527, 0.05412880227381429, 0.558253666987933))
(2020, (0.4055344409706477, 0.01904920062899586, 0.5754163584003564))
(2024, (0.43474955221708017, 0.0215447046230369, 0.543705743159883))
