(1916, (0.28006272720792647, 0.053543849644783426, 0.6663934231472901))
(1920, (0.3872694500563612, 0.02783208177001367, 0.5848984681736251))
(1924, (0.2929334488234445, 0.09504114335210048, 0.612025407824455))
(1928, (0.3933928770116221, 0.0037728978485378757, 0.60283422513984))
(1932, (0.12681870443138216, 0.010504735211410682, 0.8626765603572072))
(1936, (0.1786146206619815, 0.0034386477253094505, 0.817946731612709))
(1940, (0.21015920849777228, 0.005458291963737783, 0.7843824995384899))
(1944, (0.2984259511443786, 0.0020567822158776075, 0.6995172666397438))
(1948, (0.21016187235797504, 0.17262398185379937, 0.6172141457882256))
(1952, (0.4376358695652174, 0.0033226284584980236, 0.5590415019762845))
(1956, (0.4581894473795539, 0.017236799386086597, 0.5245737532343595))
(1960, (0.43058138802218854, 0.06756450856341407, 0.5018541034143974))
(1964, (0.43406979690449765, 0.005290618208291549, 0.5606395848872108))
(1968, (0.30769119101116343, 0.3887000801652986, 0.30360872882353795))
(1972, (0.6886645581281091, 0.004432537001780998, 0.3069029048701099))
(1980, (0.4813427222648051, 0.043430971534727345, 0.4752263062004675))
(1984, (0.6046702532547269, 0.012421896730687037, 0.38290785001458605))
(1988, (0.563678361993771, 0.014404316341644336, 0.4219173216645847))
(1992, (0.3548339930552999, 0.11308647845217971, 0.5320795284925204))
(1996, (0.36800857664357395, 0.09462693183694425, 0.5373644915194817))
(2000, (0.5130719769663293, 0.028285460429321063, 0.4586425626043496))
(2004, (0.5430595907843537, 0.011464104763755456, 0.44547630445189085))
(2008, (0.5871590449992959, 0.024194357349461678, 0.3886465976512423))
(2012, (0.6056693608410911, 0.02554073614170784, 0.36878990301720105))
(2016, (0.6057410216382829, 0.05772773706810774, 0.33653124129360934))
(2020, (0.6239572985614432, 0.028292081908407152, 0.34775061953014963))
(2024, (0.6419687217800987, 0.02243217922744691, 0.3355990989924544))
