(1916, (0.353711715127803, 0.07457901721849738, 0.5717092676536997))
(1920, (0.5541068514887056, 0.003607622412167118, 0.4422855260991273))
(1924, (0.41259582753072566, 0.2326902015927313, 0.35471397087654305))
(1928, (0.5756788743507134, 0.002016349968220571, 0.42230477568106606))
(1932, (0.3053166569415903, 0.024380343506608823, 0.6703029995518008))
(1936, (0.26926701191176117, 0.03228014787013845, 0.6984528402181004))
(1940, (0.36010637234319076, 0.00494538086764108, 0.6349482467891682))
(1944, (0.40896144847930016, 0.003058837205922955, 0.5879797143147769))
(1948, (0.4382401942789371, 0.023816112726964673, 0.5379436929940982))
(1952, (0.5834977165444986, 0.0, 0.4165022834555014))
(1956, (0.6099464802031891, 0.0010442046641141664, 0.3890093151326967))
(1960, (0.5551969806093487, 0.0011769400061732887, 0.44362607938447796))
(1964, (0.5044719928448115, 0.0010025583959065666, 0.494525448759282))
(1968, (0.5477537089063039, 0.10206885504460544, 0.35017743604909063))
(1972, (0.6466450268571227, 0.03463332723309029, 0.318721645909787))
(1980, (0.6060884838290739, 0.1114646802716418, 0.28244683589928427))
(1984, (0.6642148285841561, 0.010358739717534995, 0.32542643169830887))
(1988, (0.5995026764845679, 0.013058582286647103, 0.387438741228785))
(1992, (0.38473141781132836, 0.25006405622152356, 0.3652045259671481))
(1996, (0.4429441649666585, 0.09188517557257343, 0.4651706594607681))
(2000, (0.5102113816043696, 0.04244276822174181, 0.4473458501738885))
(2004, (0.5486943408601376, 0.007337329851906876, 0.44396832928795554))
(2008, (0.5363524782262724, 0.012495013026084871, 0.4511525087476428))
(2012, (0.536545331659747, 0.017556998922259134, 0.44589766941799386))
(2016, (0.4867161647232105, 0.062023616829857395, 0.4512602184469321))
(2020, (0.4905598103046474, 0.015793283551686493, 0.49364690614366613))
(2024, (0.522170480988956, 0.010931339249079911, 0.4668981797619641))
