(1916, (0.37600907819267565, 0.05601963945643198, 0.5679712823508923))
(1920, (0.6113202909399685, 0.06817648570438979, 0.3205032233556417))
(1924, (0.4250422817830013, 0.3811494911853232, 0.1938082270316755))
(1928, (0.5836956745729182, 0.011488449729016836, 0.404815875698065))
(1932, (0.36067239778454263, 0.05134447221208524, 0.5879831300033721))
(1936, (0.27591083808383443, 0.03129690848669426, 0.6927922534294714))
(1940, (0.4017339524675943, 0.010473105178861755, 0.587792942353544))
(1944, (0.4492922765305876, 0.007889850739070677, 0.5428178727303417))
(1948, (0.43147343921383285, 0.0376184913366447, 0.5309080694495225))
(1952, (0.593856706799428, 0.005395473084890034, 0.40074782011568194))
(1956, (0.5713479686249636, 0.0, 0.42865203137503644))
(1960, (0.510993266781709, 0.0030513835700827514, 0.48595534964820825))
(1964, (0.4056735145067976, 0.004845169903957966, 0.5894813155892444))
(1968, (0.505951079430329, 0.07817670296351364, 0.41587221760615734))
(1972, (0.5792640497728296, 0.04228549478436917, 0.37845045544280126))
(1980, (0.5682452631116192, 0.10744823493207896, 0.32430650195630195))
(1984, (0.6047448208399566, 0.013489360705765433, 0.381765818454278))
(1988, (0.5207151725307241, 0.017299561904866083, 0.46198526556440983))
(1992, (0.35120101507266, 0.2725134007613045, 0.37628558416603547))
(1996, (0.4411225233940888, 0.146557121845696, 0.41232035476021517))
(2000, (0.5843789614036112, 0.08197870057445675, 0.33364233802193205))
(2004, (0.5906670070707856, 0.023692126674732764, 0.3856408662544817))
(2008, (0.495324509445858, 0.031990842853324465, 0.4726846477008176))
(2012, (0.553515353849205, 0.029503272402736917, 0.41698137374805805))
(2016, (0.5646619186857719, 0.07598589356272471, 0.35935218775150346))
(2020, (0.569216751706315, 0.02526671526075144, 0.40551653303293356))
(2024, (0.583914767572803, 0.031474568091242744, 0.38461066433595426))
