(1916, (0.41709650596714704, 0.0019459213281948129, 0.5809575727046581))
(1920, (0.4322276658826063, 0.0008595578939160752, 0.5669127762234776))
(1924, (0.3960773076859188, 0.01383697945216857, 0.5900857128619126))
(1928, (0.5493552704085649, 0.0, 0.4506447295914351))
(1932, (0.2928244352057209, 0.00785385201363883, 0.6993217127806403))
(1936, (0.2659924357485333, 4.7648828136633015e-05, 0.7339599154233301))
(1940, (0.2596894418998162, 0.0, 0.7403105581001838))
(1944, (0.33287416166384587, 0.0, 0.6671258383361541))
(1948, (0.326806191537255, 0.09298048935237087, 0.5802133191103741))
(1952, (0.46089882815403294, 0.0, 0.5391011718459671))
(1956, (0.49336474512522394, 0.0, 0.5066352548747761))
(1960, (0.4789135409877272, 0.0, 0.5210864590122728))
(1964, (0.4384922486794579, 0.0, 0.5615077513205421))
(1968, (0.3950833169028147, 0.3125607482993626, 0.29235593479782274))
(1972, (0.6946402372692959, 0.01647425412152676, 0.28888550860917733))
(1980, (0.49304975178262267, 0.035121694678346596, 0.47182855353903075))
(1984, (0.6189689895148437, 0.0021113736984344207, 0.37891963678672186))
(1988, (0.5796829977932598, 0.003253887564011863, 0.41706311464272827))
(1992, (0.43442808737102057, 0.13903822960736642, 0.42653368302161304))
(1996, (0.4872941366328975, 0.07235054199308612, 0.4403553213740164))
(2000, (0.5602941267395377, 0.007696662134840492, 0.4320092111256218))
(2004, (0.5601719733779452, 0.003996564417037727, 0.435831462205017))
(2008, (0.49375508752574065, 0.009201099845063166, 0.49704381262919617))
(2012, (0.5039306410214295, 0.01255967320789493, 0.48350968577067555))
(2016, (0.49828094478650264, 0.03999044196021645, 0.4617286132532809))
(2020, (0.4993435061225701, 0.014794551987726624, 0.4858619418897032))
(2024, (0.5085719058363357, 0.01497471285584968, 0.4764533813078146))
