(1916, (0.4649740576264597, 0.031235514885090986, 0.5037904274884493))
(1920, (0.5467498956475544, 0.01053011042386066, 0.44271999392858497))
(1924, (0.4851989719046353, 0.08457856952938049, 0.43022245856598423))
(1928, (0.5903605274524251, 0.0013381098774528485, 0.408301362670122))
(1932, (0.35761777238367876, 0.015170903526245663, 0.6272113240900756))
(1936, (0.3649569870222012, 0.008105950867650102, 0.6269370621101487))
(1940, (0.43280511628414586, 0.0013314561983651463, 0.565863427517489))
(1944, (0.4643652488093283, 0.000972245032024963, 0.5346625061586467))
(1948, (0.42928318267107873, 0.006928147201744866, 0.5637886701271764))
(1952, (0.5539210755716489, 0.0032563870448601893, 0.4428225373834909))
(1956, (0.5780739270496129, 0.0040956814189960855, 0.417830391531391))
(1960, (0.4941483155313124, 0.004329700071036653, 0.5015219843976509))
(1964, (0.4041990597757459, 0.005452692114591733, 0.5903482481096624))
(1968, (0.5183809378341225, 0.08424316480830915, 0.39737589735756834))
(1972, (0.6099973850523378, 0.024728084278986436, 0.36527453066867577))
(1980, (0.5487853715005985, 0.08395718765523413, 0.36725744084416734))
(1984, (0.5970429846219647, 0.010692692031028248, 0.392264323347007))
(1988, (0.5186029960463238, 0.012371304099277365, 0.46902569985439885))
(1992, (0.37338460944654783, 0.16762692417006733, 0.45898846638338486))
(1996, (0.4185611986893831, 0.08960677895388024, 0.4918320223567367))
(2000, (0.47847411899332615, 0.042440340458232056, 0.47908554054844177))
(2004, (0.498384247604138, 0.01114895597537498, 0.490466796420487))
(2008, (0.4177903483433274, 0.013134849028739107, 0.5690748026279335))
(2012, (0.4284332663909013, 0.04163912840443096, 0.5299276052046678))
(2016, (0.4004243922847788, 0.1170185314623997, 0.48255707625282157))
(2020, (0.43496669246129455, 0.02214044904298323, 0.5428928584957222))
(2024, (0.4585116141056505, 0.022969386064372762, 0.5185189998299767))
