(1916, (0.4938609007590566, 0.07816225113724297, 0.42797684810370046))
(1920, (0.7109503893589018, 0.12731415794809783, 0.16173545269300038))
(1924, (0.37060417898093184, 0.5483862911157705, 0.08100952990329759))
(1928, (0.5351970976494619, 0.02199677232499796, 0.44280613002554015))
(1932, (0.3119273708439255, 0.053518344764238696, 0.6345542843918358))
(1936, (0.30259026188660054, 0.05939168573607933, 0.6380180523773201))
(1940, (0.4832411018824323, 0.0152932504791814, 0.5014656476383863))
(1944, (0.5037008494928134, 0.010608952531154044, 0.4856901979760326))
(1948, (0.462843828320802, 0.03017778822055138, 0.5069783834586467))
(1952, (0.6095323416512688, 0.0033912540360962317, 0.3870764043126349))
(1956, (0.6158066966859672, 0.005769535870312494, 0.37842376744372025))
(1960, (0.517716915681269, 0.0017940155527615231, 0.4804890687659695))
(1964, (0.37740237555524686, 0.001711771086082107, 0.620885853358671))
(1968, (0.4788523816786853, 0.07847119012401732, 0.44267642819729736))
(1972, (0.5339928436118712, 0.028758318086880494, 0.43724883830124833))
(1980, (0.47898774470234085, 0.08920910021506928, 0.4318031550825899))
(1984, (0.5419315283477921, 0.007851465554153409, 0.4502170060980545))
(1988, (0.47795910582549433, 0.007900591711656465, 0.5141403024628491))
(1992, (0.3677649446054188, 0.22092762317303763, 0.41130743222154353))
(1996, (0.3847741225743556, 0.12711635579957645, 0.48810952162606797))
(2000, (0.4761316351414431, 0.045540168251682535, 0.47832819660687437))
(2004, (0.49319871458425024, 0.009804114571637637, 0.49699717084411216))
(2008, (0.4231366248834809, 0.01468550993709562, 0.5621778651794235))
(2012, (0.4593834671361976, 0.01285490751225649, 0.5277616253515459))
(2016, (0.4721818456731012, 0.06327974060447222, 0.4645384137224266))
(2020, (0.48822437319608825, 0.01728025818963439, 0.4944953686142774))
(2024, (0.4969941041405685, 0.014618007504566297, 0.48838788835486524))
