(1916, (0.46286314736052037, 0.07085113835376533, 0.4662857142857143))
(1920, (0.6624446321689351, 0.09463010208137468, 0.24292526574969023))
(1924, (0.5720569396572573, 0.345624593338316, 0.08231846700442666))
(1928, (0.6469368649312945, 0.011113980639588213, 0.3419491544291172))
(1932, (0.3740240285279218, 0.04186774252174266, 0.5841082289503355))
(1936, (0.316964153759054, 0.013496245758620507, 0.6695396004823254))
(1940, (0.4134308372728633, 0.012161683019807629, 0.5744074797073291))
(1944, (0.42971278446408917, 0.00549465686796606, 0.5647925586679448))
(1948, (0.4712796447528284, 0.05299838022169628, 0.4757219750254753))
(1952, (0.5634762903383588, 0.009138930373101194, 0.42738477928853996))
(1956, (0.5538732848488618, 0.003393852027539375, 0.44273286312359883))
(1960, (0.5009886917516396, 0.0034975374152127277, 0.4955137708331476))
(1964, (0.4079451529177257, 0.0009353056413340198, 0.5911195414409403))
(1968, (0.47819380778304116, 0.07441198733463447, 0.4473942048823244))
(1972, (0.5499727409462537, 0.0346467233804764, 0.41538053567326993))
(1980, (0.5269389545645583, 0.11395560973524942, 0.35910543570019227))
(1984, (0.575146313846317, 0.012192513684030685, 0.41266117246965234))
(1988, (0.5112656789451673, 0.013139895408799274, 0.4755944256460335))
(1992, (0.32614669375921296, 0.2137874278379776, 0.46006587840280944))
(1996, (0.38209352896815846, 0.10691857983904161, 0.5109878911928))
(2000, (0.4165136766340904, 0.048990612315171746, 0.5344957110507379))
(2004, (0.4435591407786858, 0.013407099038050043, 0.5430337601832641))
(2008, (0.36954858832464477, 0.02032502820401271, 0.6101263834713425))
(2012, (0.371203785207048, 0.026406623376055628, 0.6023895914168964))
(2016, (0.3161710653843943, 0.06656493857002685, 0.6172639960455788))
(2020, (0.3432072362528492, 0.021953294808415645, 0.6348394689387351))
(2024, (0.38332902103466804, 0.03199393651939195, 0.58467704244594))
