(1916, (0.4940915728533405, 0.021210269581697857, 0.48469815756496165))
(1920, (0.5530243010887641, 0.014009601204857081, 0.43296609770637884))
(1924, (0.4945242280635025, 0.06475494378595831, 0.4407208281505392))
(1928, (0.5842860076670318, 0.005316202827840287, 0.41039778950512795))
(1932, (0.44466598724881484, 0.010647051389266094, 0.5446869613619191))
(1936, (0.3920235678267837, 0.002415822735241492, 0.6055606094379749))
(1940, (0.4290108239370746, 0.0, 0.5709891760629253))
(1944, (0.4511190671831592, 0.0, 0.5488809328168408))
(1948, (0.4223719532554257, 0.0044220367278798, 0.5732060100166945))
(1952, (0.4807635069853059, 0.0, 0.5192364930146941))
(1956, (0.5407802549495625, 0.0, 0.45921974505043744))
(1960, (0.4726712589566963, 0.0, 0.5273287410433036))
(1964, (0.3206315337609212, 0.0, 0.6793684662390789))
(1968, (0.40778646682736547, 0.09620713704213438, 0.4960063961305002))
(1972, (0.6361026181828675, 0.0, 0.3638973818171325))
(1980, (0.45302860860901567, 0.04886304331618579, 0.49810834807479853))
(1984, (0.551121181066189, 0.0029004732637255993, 0.44597834567008543))
(1988, (0.47460550947404834, 0.003413381988057755, 0.5219811085378939))
(1992, (0.3538862937688845, 0.16202567560057446, 0.484088030630541))
(1996, (0.3675743449303097, 0.11736969702683127, 0.515055958042859))
(2000, (0.5191521992705099, 0.024921157062537416, 0.4559266436669526))
(2004, (0.5606367089260696, 0.007366180394688624, 0.43199711067924174))
(2008, (0.557172936040888, 0.01687642459228274, 0.4259506393668292))
(2012, (0.6229584241943327, 0.021648534241794172, 0.3553930415638732))
(2016, (0.6863057481161936, 0.04892497170609115, 0.26476928017771517))
(2020, (0.6863155192461606, 0.01671926830864328, 0.29696521244519614))
(2024, (0.6998465352378703, 0.01905192880284369, 0.28110153595928594))
