(1916, (0.3326172402822866, 0.16067964984418134, 0.5067031098735321))
(1920, (0.5020610363244784, 0.05294866145882663, 0.444990302216695))
(1924, (0.4276246003242866, 0.0878434180418542, 0.4845319816338592))
(1928, (0.637174638235394, 0.008419748814330552, 0.35440561295027545))
(1932, (0.267039721386878, 0.0, 0.732960278613122))
(1936, (0.32694267346013284, 0.004733640995545122, 0.668323685544322))
(1940, (0.42225482079659943, 0.0036637085881105575, 0.57408147061529))
(1944, (0.4420261376405272, 0.0023012969185039218, 0.5556725654409689))
(1948, (0.3725296182505796, 0.0, 0.6274703817494204))
(1952, (0.5458943459531457, 0.0, 0.4541056540468543))
(1956, (0.5513108744981672, 0.0, 0.44868912550183276))
(1960, (0.5901998560593479, 0.0, 0.4098001439406522))
(1964, (0.44253666759964355, 0.0, 0.5574633324003565))
(1968, (0.4768356226261444, 0.2033017137355448, 0.31986266363831084))
(1972, (0.7369890280609768, 0.023039130012622585, 0.23997184192640061))
(1980, (0.6049970949145348, 0.04532629154533151, 0.3496766135401337))
(1984, (0.6861085184394701, 0.007220015354279289, 0.30667146620625063))
(1988, (0.5792879125833877, 0.007895572809034052, 0.41281651460757823))
(1992, (0.4264574832830945, 0.23329514175835162, 0.3402473749585539))
(1996, (0.48256296236139, 0.11294566313613925, 0.40449137450247075))
(2000, (0.603078521084823, 0.012652433219443069, 0.38426904569573395))
(2004, (0.6557040166475606, 0.0, 0.3442959833524394))
(2008, (0.656450811226935, 0.0, 0.343549188773065))
(2012, (0.6677231974301656, 0.0, 0.3322768025698344))
(2016, (0.6532286481962736, 0.05745454895828745, 0.2893168028454389))
(2020, (0.6537327184806295, 0.02340553815950417, 0.32286174335986634))
(2024, (0.6616210342024795, 0.019385470187520792, 0.3189934956099997))
