(1916, (0.5425755229191737, 0.05518239824728702, 0.4022420788335393))
(1920, (0.6580506771648099, 0.07013160851490453, 0.27181771432028556))
(1924, (0.6534167890528475, 0.15580436860386507, 0.1907788423432874))
(1928, (0.6523754749870819, 0.00877416832031364, 0.3388503566926045))
(1932, (0.5084048001046512, 0.03831136602354442, 0.4532838338718044))
(1936, (0.40847199382325966, 0.022719819820908364, 0.568808186355832))
(1940, (0.4633440834537553, 0.004371721086597394, 0.5322841954596473))
(1944, (0.48357156767180715, 0.005075375652901225, 0.5113530566752916))
(1948, (0.5092422446315578, 0.021611105578382524, 0.4691466497900597))
(1952, (0.5273532739470623, 0.004128165896778608, 0.4685185601561591))
(1956, (0.5648968218746934, 0.002071887639973141, 0.43303129048533345))
(1960, (0.48735364396296765, 0.002057907844957227, 0.5105884481920752))
(1964, (0.34703806381915486, 0.003748737737652638, 0.6492131984431925))
(1968, (0.44019559690037424, 0.08393261228898163, 0.4758717908106441))
(1972, (0.591127687383523, 0.01755926365811242, 0.39131304895836466))
(1980, (0.49586134037896734, 0.07937935341897327, 0.4247593062020594))
(1984, (0.5334106792230928, 0.006697554109958445, 0.45989176666694875))
(1988, (0.5070457961872039, 0.009086798768410302, 0.48386740504438575))
(1992, (0.3612721051814485, 0.1872662460860396, 0.45146164873251193))
(1996, (0.3997163412054456, 0.10854797854827593, 0.4917356802462785))
(2000, (0.464293048875877, 0.029721445786271408, 0.5059855053378516))
(2004, (0.484236661530542, 0.0065252470279517265, 0.5092380914415062))
(2008, (0.44009896027089795, 0.01698447904592489, 0.5429165606831772))
(2012, (0.46586509132431997, 0.014418970848171689, 0.5197159378275084))
(2016, (0.4857788580374602, 0.0356849803169113, 0.4785361616456285))
(2020, (0.4884361204017247, 0.011478922843793956, 0.5000849567544814))
(2024, (0.5037253671558666, 0.009646575604979439, 0.4866280572391539))
