(1916, (0.5224394896679874, 0.03853615779295163, 0.43902435253906097))
(1920, (0.7276392559788099, 0.049690436288821846, 0.22267030773236832))
(1924, (0.7537199925199433, 0.11498346717866564, 0.13129654030139112))
(1928, (0.7035993475608601, 0.007232803870322619, 0.28916784856881733))
(1932, (0.4444435100449613, 0.03193904244743252, 0.5236174475076062))
(1936, (0.3876426653843725, 0.04906714206098505, 0.5632901925546424))
(1940, (0.4985390202638728, 0.006242302590356623, 0.49521867714577056))
(1944, (0.49175208130878373, 0.006303670875915951, 0.5019442478153003))
(1948, (0.4923163486693506, 0.03202773594538135, 0.4756559153852681))
(1952, (0.5543962821304428, 0.005862233580314673, 0.4397414842892426))
(1956, (0.5562943682583296, 0.0022473857868349875, 0.44145824595483546))
(1960, (0.4883606476845011, 0.0031343266938850794, 0.5085050256216138))
(1964, (0.3309766595006965, 0.0019777702989164877, 0.667045570200387))
(1968, (0.4145678638941399, 0.10359258979206049, 0.4818395463137996))
(1972, (0.5621416804237123, 0.019649388046686745, 0.41820893152960104))
(1980, (0.48986181892588354, 0.08516404606462091, 0.42497413500949555))
(1984, (0.5922602717025045, 0.005378968860428792, 0.4023607594370667))
(1988, (0.5356769377648254, 0.007602278775840703, 0.4567207834593339))
(1992, (0.36375647915056897, 0.19850664600543713, 0.43773687484399393))
(1996, (0.3848459433533809, 0.09820585089964676, 0.5169482057469723))
(2000, (0.46143925252633594, 0.025788200517351645, 0.5127725469563124))
(2004, (0.4781205855781017, 0.00957234713133352, 0.5123070672905647))
(2008, (0.4095831352366344, 0.016103912098246898, 0.5743129526651187))
(2012, (0.4471091602742022, 0.010808797620610273, 0.5420820421051875))
(2016, (0.47497564219996147, 0.05227904829137013, 0.4727453095086684))
(2020, (0.47837299327117266, 0.015418732435735123, 0.5062082742930922))
(2024, (0.49727109950132287, 0.01959981540154225, 0.48312908509713487))
