(1916, (0.3640211322567089, 0.1023893858437894, 0.5335894818995017))
(1920, (0.5692064425976319, 0.0685445318820328, 0.3622490255203354))
(1924, (0.4176293599791984, 0.3628765647635675, 0.21949407525723413))
(1928, (0.565351513094981, 0.0, 0.43464848690501895))
(1932, (0.3059135891865798, 0.0, 0.6940864108134203))
(1936, (0.2719166210545521, 0.0, 0.728083378945448))
(1940, (0.3992364689509911, 0.0, 0.6007635310490089))
(1944, (0.4537928236899362, 0.0, 0.5462071763100638))
(1948, (0.47260814269845614, 0.023648920585347007, 0.5037429367161969))
(1952, (0.6144543131767854, 0.0, 0.3855456868232145))
(1956, (0.5796833145445708, 0.0, 0.4203166854554293))
(1960, (0.48837946432733276, 0.0, 0.5116205356726673))
(1964, (0.41418265858394926, 0.0, 0.5858173414160508))
(1968, (0.47457495234019376, 0.13248777704288733, 0.3929372706169189))
(1972, (0.6368077638282187, 0.0, 0.3631922361717813))
(1980, (0.6253585331907942, 0.10570224095850898, 0.2689392258506969))
(1984, (0.6584992343032159, 0.0217743932855892, 0.3197263724111949))
(1988, (0.5885730445886074, 0.03224811250417777, 0.37917884290721493))
(1992, (0.34726792253089955, 0.27915657748687583, 0.3735754999822246))
(1996, (0.4291471292046377, 0.13151790195119745, 0.43933496884416484))
(2000, (0.4952214394797773, 0.0450219222621804, 0.45975663825804225))
(2004, (0.504696915453111, 0.016522679357318763, 0.4787804051895702))
(2008, (0.42654115108984053, 0.0219920896669725, 0.551466759243187))
(2012, (0.4567531564126363, 0.019684348883358065, 0.5235624947040056))
(2016, (0.4550069531760242, 0.06581481004278536, 0.4791782367811904))
(2020, (0.4766624732455941, 0.022769707181565645, 0.5005678195728402))
(2024, (0.505916462379785, 0.01915223189030468, 0.47493130572991027))
