(1916, (0.5152877123374777, 0.039641799092190434, 0.4450704885703318))
(1920, (0.6455610169766359, 0.08490836508237155, 0.2695306179409925))
(1924, (0.5576262301470708, 0.15107053164902898, 0.29130323820390025))
(1928, (0.4978507027151193, 0.02778697056899519, 0.4743623267158856))
(1932, (0.41333387649313846, 0.0460033604813704, 0.5406627630254911))
(1936, (0.3896559894417802, 0.02189015148672414, 0.5884538590714956))
(1940, (0.48043035446893134, 0.0035229170514898133, 0.5160467284795788))
(1944, (0.4729691821320639, 0.003942667082489682, 0.5230881507854465))
(1948, (0.45993330135623167, 0.09000156539945935, 0.450065133244309))
(1952, (0.5545286851352768, 0.009935834081881935, 0.4355354807828413))
(1956, (0.6123906086989364, 0.0003552720269008991, 0.38725411927416276))
(1960, (0.4726898446718243, 0.0019990182523053172, 0.5253111370758704))
(1964, (0.3130718539269007, 0.0013415616899993372, 0.6855865843831))
(1968, (0.4428843021057504, 0.05967382482823121, 0.49744187306601834))
(1972, (0.5850998315777781, 0.003078042048758854, 0.41182212637346305))
(1980, (0.4665995050918589, 0.09347949575287422, 0.4399209991552669))
(1984, (0.5383965469875022, 0.0032964046300690045, 0.45830704838242875))
(1988, (0.47518064018855066, 0.008623609880408894, 0.5161957499310404))
(1992, (0.3387721102798139, 0.16397261411087893, 0.49725527560930716))
(1996, (0.3061197768443298, 0.09918416802443396, 0.5946960551312362))
(2000, (0.35229761833738177, 0.0455772567542153, 0.602125124908403))
(2004, (0.40083244081073344, 0.015449660913571521, 0.5837178982756951))
(2008, (0.3612453997921023, 0.010437698329112016, 0.6283169018787857))
(2012, (0.3519482294133682, 0.014814940685436337, 0.6332368299011955))
(2016, (0.3660394829506156, 0.044745384874542264, 0.5892151321748421))
(2020, (0.37752922514079984, 0.013850542175024835, 0.6086202326841753))
(2024, (0.4331499141603111, 0.007794376880107038, 0.5590557089595818))
