(1916, (0.37819693317964304, 0.03397254532117783, 0.5878305214991791))
(1920, (0.5592547384590065, 0.05234934306168911, 0.3883959184793044))
(1924, (0.4925600356710618, 0.20805146824638512, 0.299388496082553))
(1928, (0.5357666630804686, 0.0056624179657197215, 0.45857091895381163))
(1932, (0.4104744938957682, 0.024363678610500632, 0.5651618274937312))
(1936, (0.2979291947996806, 0.008657968700243216, 0.6934128365000761))
(1940, (0.37588320508112777, 0.0015777644167719181, 0.6225390305021004))
(1944, (0.3942146996403819, 0.0013692065448072841, 0.6044160938148108))
(1948, (0.4502327130065941, 0.009963591091036748, 0.5398036959023691))
(1952, (0.5892509270104445, 0.0, 0.4107490729895556))
(1956, (0.6456114612494199, 0.0, 0.3543885387505801))
(1960, (0.5480546237213411, 0.0002668737607049737, 0.45167850251795394))
(1964, (0.4528627622922028, 0.0, 0.5471372377077972))
(1968, (0.5649457602090078, 0.06430917627458776, 0.37074506351640446))
(1972, (0.6764038321671306, 0.0596665245487757, 0.2639296432840937))
(1980, (0.7276911466315361, 0.06664603407356899, 0.2056628192948949))
(1984, (0.7450179145438144, 0.00822989060693458, 0.246752194849251))
(1988, (0.6621896483505614, 0.017345998812997674, 0.320464352836441))
(1992, (0.43364574414750556, 0.31980956963651835, 0.24654468621597608))
(1996, (0.54371278895601, 0.12331944671881784, 0.3329677643251721))
(2000, (0.6683014295092857, 0.06825134867934517, 0.26344722181136915))
(2004, (0.7153594785330293, 0.024684106379951803, 0.25995641508701894))
(2008, (0.6258386971450172, 0.030103846194231235, 0.3440574566607516))
(2012, (0.727905331026891, 0.024598010693505267, 0.2474966582796037))
(2016, (0.4553803593682331, 0.2700326135951849, 0.274587027036582))
(2020, (0.5812983902991959, 0.04224112386774343, 0.37646048583306063))
(2024, (0.5937665855556018, 0.028290339094413548, 0.3779430753499846))
