(1916, (0.4650340910401901, 0.015832240548533105, 0.5191336684112767))
(1920, (0.4925563552919764, 0.010514501935478253, 0.4969291427725454))
(1924, (0.48888698273432424, 0.050866959942161824, 0.4602460573235139))
(1928, (0.5933562355332842, 0.0014747145465119865, 0.4051690499202038))
(1932, (0.40151811844456947, 0.007902882736437996, 0.5905789988189926))
(1936, (0.39915397521523105, 0.015728546534602154, 0.5851174782501668))
(1940, (0.42300520634161476, 0.0025325641155146093, 0.5744622295428706))
(1944, (0.4521686230591619, 0.003326328111677981, 0.5445050488291602))
(1948, (0.414765309521089, 0.01785918328150945, 0.5673755071974016))
(1952, (0.49844434062194154, 0.0024064892644399425, 0.49914917011361853))
(1956, (0.5429771162596495, 0.00489654158027339, 0.4521263421600771))
(1960, (0.5359069492788552, 0.0, 0.4640930507211449))
(1964, (0.3565387795680166, 0.0033161107154635527, 0.6401451097165198))
(1968, (0.4379335784970636, 0.18556899231266805, 0.37649742919026835))
(1972, (0.6336736615209944, 0.018636083031459513, 0.34769025544754606))
(1980, (0.4907004102339902, 0.03316476483187822, 0.4761348249341316))
(1984, (0.6000693762346231, 0.005918157951429333, 0.39401246581394755))
(1988, (0.5552147911898297, 0.0059492618998470345, 0.4388359469103233))
(1992, (0.4134088016611963, 0.14107977761403978, 0.4455114207247639))
(1996, (0.4488222146052302, 0.09275600054151052, 0.4584217848532593))
(2000, (0.5650170607575378, 0.021239007969889655, 0.4137439312725726))
(2004, (0.5954951383220055, 0.007634131863897517, 0.39687072981409693))
(2008, (0.5740254080463923, 0.01426821015840062, 0.411706381795207))
(2012, (0.6049314159932162, 0.017055305662325868, 0.37801327834445797))
(2016, (0.6251963855190009, 0.047981731144521554, 0.3268218833364776))
(2020, (0.6208657186929044, 0.017619133195555158, 0.3615151481115404))
(2024, (0.6447214549801642, 0.015903843280164663, 0.33937470173967116))
