(1916, (0.07073539605520196, 0.13624046883861618, 0.7930241351061819))
(1920, (0.2873868332018347, 0.0031091616630337395, 0.7095040051351316))
(1924, (0.1818345485642272, 0.07845290605214991, 0.7397125453836229))
(1928, (0.4395661335452002, 0.0008117724273722754, 0.5596220940274276))
(1932, (0.0777143080715208, 0.00629523846785868, 0.9159904534606206))
(1936, (0.12601221134495344, 0.002947095541835795, 0.8710406931132108))
(1940, (0.1486954964405186, 0.0031885022034884836, 0.848116001355993))
(1944, (0.17220666262354134, 0.010471491395152516, 0.8173218459813061))
(1948, (0.1831015843607644, 0.20892504130416098, 0.6079733743350746))
(1952, (0.3033936427335178, 1.5248900173075017e-06, 0.6966048323764649))
(1956, (0.3326757808125079, 0.0032688473915672995, 0.6640553717959248))
(1960, (0.3742720041890014, 0.00032590212845452847, 0.6254020936825441))
(1964, (0.5411788455546437, 0.0001711524705200841, 0.4586500019748362))
(1968, (0.30402410367073884, 0.4284808192816569, 0.2674950770476043))
(1972, (0.7503549624948501, 0.0031895550796239612, 0.24645548242552598))
(1980, (0.40970128922555654, 0.03243825527104425, 0.5578604555033992))
(1984, (0.6017172263135374, 0.00043352926604058284, 0.397849244420422))
(1988, (0.5975287234371753, 0.00748699211790866, 0.394984284444916))
(1992, (0.4287800096935753, 0.13653163875275998, 0.4346883515536647))
(1996, (0.4701216273877579, 0.0714980094133674, 0.45838036319887465))
(2000, (0.546751673794454, 0.023374392725998356, 0.42987393347954767))
(2004, (0.5797475676698846, 0.006502971796327844, 0.41374946053378764))
(2008, (0.5220474768374597, 0.008041656898818686, 0.4699108662637217))
(2012, (0.5329900898706427, 0.01218830527813746, 0.45482160485121986))
(2016, (0.5104871916611706, 0.030619398573883662, 0.4588934097649457))
(2020, (0.49259581776955713, 0.01245148783964515, 0.4949526943907977))
(2024, (0.5072558398048627, 0.007411933645546411, 0.4853322265495909))
