(1960, (0.5094137783483098, 0.0, 0.4905862216516902))
(1964, (0.340920917646709, 0.0, 0.659079082353291))
(1968, (0.4528210995363401, 0.12072017823809238, 0.4264587222255675))
(1972, (0.5812810468498935, 0.07249603545510874, 0.34622291769499786))
(1980, (0.5434819653507527, 0.19243901669348987, 0.2640790179557575))
(1984, (0.666539823221984, 0.034782399267840367, 0.29867777751017555))
(1988, (0.595909372563913, 0.04138099902056807, 0.362709628415519))
(1992, (0.3945749808515083, 0.3025539059054722, 0.3028711132430195))
(1996, (0.5080125817399221, 0.15931628176475457, 0.33267113649532326))
(2000, (0.5862095531587057, 0.1371270486062474, 0.27666339823504693))
(2004, (0.6106532991253942, 0.03417808175356208, 0.35516861912104364))
(2008, (0.5942451953880631, 0.026861068618043698, 0.37889373599389325))
(2012, (0.5480157739729447, 0.04385763490241102, 0.40812659112464433))
(2016, (0.5128151207753728, 0.12167616632350725, 0.36550871290111986))
(2020, (0.5283314327038078, 0.04394904458598726, 0.42771952271020497))
(2024, (0.5454480937497228, 0.040490630646081785, 0.4140612756041954))
