(1916, (0.43887305311894675, 0.07978603337585369, 0.48134091350519953))
(1920, (0.5596403446070501, 0.22893545514966832, 0.21142420024328154))
(1924, (0.522416136676875, 0.3759539223198252, 0.10162994100329974))
(1928, (0.6705614567526555, 0.016420413704975642, 0.3130181295423688))
(1932, (0.3393627991555169, 0.08605692128025712, 0.574580279564226))
(1936, (0.2988309178464854, 0.03736180882748022, 0.6638072733260344))
(1940, (0.4057818206096244, 0.012049133759871409, 0.5821690456305042))
(1944, (0.42237203501462056, 0.009184564792929811, 0.5684434001924497))
(1948, (0.4268389429185754, 0.04704560370716573, 0.5261154533742589))
(1952, (0.5433052086318408, 0.009754168828012492, 0.4469406225401466))
(1956, (0.5390876096652241, 0.006479339015317724, 0.45443305131945827))
(1960, (0.5068356889491709, 0.010471402383430039, 0.48269290866739906))
(1964, (0.37373466099243896, 0.0066020105581317, 0.6196633284494294))
(1968, (0.45121411720327137, 0.07646665097475161, 0.472319231821977))
(1972, (0.5691516520753008, 0.044449218715474824, 0.38639912920922437))
(1980, (0.4965834363525127, 0.13025584339707322, 0.3731607202504141))
(1984, (0.5582379200704917, 0.013210822173033744, 0.42855125775647457))
(1988, (0.48456429235068915, 0.014958828641476518, 0.5004768790078343))
(1992, (0.3195631558016458, 0.24646080158026074, 0.43397604261809347))
(1996, (0.3730136651408243, 0.12858161437583995, 0.49840472048333573))
(2000, (0.44578647947502503, 0.05263136735743234, 0.5015821531675426))
(2004, (0.45640281992414355, 0.015385696957487083, 0.5282114831183694))
(2008, (0.40476304942114893, 0.018708028442367457, 0.5765289221364835))
(2012, (0.4129462143210913, 0.02541980268218112, 0.5616339829967276))
(2016, (0.3806997601281809, 0.07626446849602427, 0.5430357713757948))
(2020, (0.3876697774334327, 0.03262721121353664, 0.5797030113530306))
(2024, (0.39011931727979127, 0.03757947711189139, 0.5723012056083173))
