(1916, (0.44085784193085886, 0.059647863730980466, 0.49949429433816067))
(1920, (0.6475625303598641, 0.027200684620416207, 0.32523678501971964))
(1924, (0.6153933242358738, 0.1486362867873489, 0.23597038897677733))
(1928, (0.7202355580482334, 0.009148906337633203, 0.2706155356141335))
(1932, (0.44129761180234806, 0.023076398586829434, 0.5356259896108225))
(1936, (0.4595306565978092, 0.003766578433218911, 0.536702764968972))
(1940, (0.5686047957856415, 0.007442778482314828, 0.4239524257320437))
(1944, (0.6024944942325723, 0.005753799524650574, 0.3917517062427771))
(1948, (0.5362941308462398, 0.017593389611558544, 0.4461124795422017))
(1952, (0.6877096430795188, 0.007328999314859077, 0.30496135760562215))
(1956, (0.6544099057654723, 0.0035186431520947354, 0.342071451082433))
(1960, (0.6044992329017845, 0.004455091109735418, 0.39104567598848006))
(1964, (0.45061026855080016, 0.008502146518071433, 0.5408875849311284))
(1968, (0.548445604462965, 0.1043936465306955, 0.3471607490063395))
(1972, (0.6765804856483225, 0.02837696963742843, 0.29504254471424907))
(1980, (0.578500604718334, 0.08862364065952572, 0.33287575462214036))
(1984, (0.66272207876586, 0.011297555457924777, 0.32598036577621525))
(1988, (0.5579299608073761, 0.01647359029408566, 0.4255964488985382))
(1992, (0.38878198620105675, 0.27386193280251614, 0.3373560809964271))
(1996, (0.542907009215303, 0.0962449967420646, 0.3608479940426324))
(2000, (0.5804155498228905, 0.0472012221395276, 0.3723832280375819))
(2004, (0.620039806155473, 0.013729250788882565, 0.3662309430556444))
(2008, (0.5661225434349189, 0.01735778462494498, 0.41651967194013617))
(2012, (0.5971132036921613, 0.022941090768648528, 0.3799457055391902))
(2016, (0.5665458180583958, 0.07293047461925933, 0.36052370732234496))
(2020, (0.5621251283426474, 0.022279336269030964, 0.41559553538832167))
(2024, (0.5715630792917397, 0.018029649191656165, 0.4104072715166041))
